the 3 32823802 4968822
of 2 17445728 4279162
in 2 15303921 4539676
and 3 13537194 3886207
a 1 11158752 4616521
is 2 8334346 4234968
to 2 6743570 2480347
was 3 6419188 2836173
as 2 3853779 2033422
for 3 3731206 1969011
by 2 3706548 2064640
on 2 3467985 1847830
it 2 3126659 1889456
he 2 2949363 1036590
with 4 2615912 1529958
at 2 2606774 1545482
from 4 2525470 1586826
an 2 2303745 1726665
his 3 1738412 789085
that 4 1580871 970648
also 4 1302312 1008267
are 3 1284000 740292
which 5 1220752 890394
has 3 1189050 849281
born 4 1160169 959418
or 2 1124062 683337
its 3 1040728 755402
first 5 1033698 751444
who 3 963101 804839
new 3 911973 552827
this 4 905718 650204
one 3 904177 694831
were 4 884077 554284
american 8 782608 598559
be 2 754054 514103
known 5 742591 654233
district 8 729072 431047
national 8 700646 476443
united 6 698487 500741
she 3 695996 276006
after 5 694687 537462
county 6 665843 440437
their 5 655785 443953
film 4 636935 267671
two 3 619920 485309
been 4 616894 487786
world 5 595283 388782
state 5 592508 361551
states 6 590248 433005
had 3 581346 421158
school 6 572797 233870
but 3 566111 455752
university 10 557629 309378
south 5 554390 373076
football 8 550283 265726
have 4 550168 397219
during 6 548152 439750
album 5 539086 225531
city 4 532505 350030
located 7 530094 458989
may 3 522319 424995
they 4 518092 342620
other 5 510524 415112
season 6 509465 224048
her 3 507293 232858
not 3 501780 380187
de 2 488711 228200
family 6 488078 423055
team 4 480493 259233
part 4 452349 387532
played 6 449323 321529
north 5 448580 323459
between 7 446107 370955
most 4 442617 366470
village 7 438763 314857
league 6 436375 232725
series 6 429467 236132
released 8 426022 303854
name 4 424422 329861
all 3 415793 328553
into 4 405672 335052
when 4 398221 321639
species 7 390936 284947
time 4 388719 302384
station 7 384415 138357
member 6 375542 293534
years 5 374514 302940
used 4 372785 275130
area 4 369425 269979
only 4 365822 308791
former 6 364563 324193
second 6 361907 299584
where 5 361546 301444
over 4 357721 294015
won 3 357337 265114
list 4 357032 188899
three 5 355818 294049
music 5 353576 200032
west 4 350453 250728
river 5 347922 169224
since 5 345466 299459
more 4 344037 276949
there 5 343668 276410
war 3 342998 217912
march 5 340792 293332
population 10 339208 292075
about 5 336251 275029
house 5 336189 183586
under 5 335475 278425
year 4 335225 257478
january 7 332350 289775
international 13 331830 225464
later 5 330805 280015
john 4 329090 200007
including 9 326760 286195
such 4 326656 256252
group 5 319107 212388
september 9 317754 278714
british 7 317189 227787
october 7 316418 277442
became 6 316199 255228
company 7 315602 188343
april 5 309299 272678
august 6 309274 270276
song 4 307576 132266
town 4 307327 212183
until 5 305872 260969
many 4 305579 254058
june 4 305250 266855
july 4 305116 266983
college 7 304919 178888
some 4 300270 245464
november 8 300213 265285
served 6 298207 232171
made 4 297250 245310
december 8 297196 260495
east 4 294353 219429
high 4 293712 180382
through 7 290101 245116
best 4 285982 218894
club 4 285565 162690
well 4 281455 250399
english 7 281426 228761
both 4 278687 243791
february 8 278659 246329
can 3 277123 197356
i 1 274329 168165
km 2 274181 186076
held 4 271295 225244
number 6 270761 203570
people 6 270586 210883
found 5 269828 239857
based 5 269562 247930
church 6 267645 111632
before 6 266959 231977
party 5 266614 134611
up 2 265006 220450
being 5 262925 230830
player 6 258065 200524
no 2 258047 188298
band 4 258034 142787
york 4 257432 160588
than 4 257216 213681
named 5 253942 226129
then 4 251429 208953
several 7 250063 221302
german 6 247550 170947
central 7 246901 203882
games 5 246232 145350
french 6 246115 162480
park 4 245332 121042
mi 2 245252 127292
work 4 245128 188739
province 8 244668 213397
while 5 243441 212045
professional 12 240853 204754
early 5 232821 201759
general 7 231737 162510
public 6 229337 171424
four 4 228742 193593
st 2 227784 128749
history 7 226861 166472
game 4 226062 106290
published 9 225839 174557
built 5 225728 178427
television 10 225638 160514
called 6 225427 195546
place 5 225174 192908
u.s 3 224935 154050
government 10 224606 156658
region 6 224570 183182
within 6 224301 202576
following 9 223197 201963
cup 3 219288 101401
single 6 216179 152264
these 5 215479 175528
now 3 214365 187255
m 1 213566 130655
n 1 210837 101299
island 6 210035 107671
division 8 208923 131595
championship 12 208217 108019
system 6 206061 134867
politician 10 205642 171731
died 4 205258 176431
out 3 203252 170288
include 7 203058 185151
community 9 202647 147832
home 4 202524 162026
census 6 201077 176520
summer 6 200700 146178
century 7 200226 153237
against 7 200121 144151
currently 9 199828 191279
footballer 10 199790 152661
road 4 199466 117048
major 5 199259 163426
line 4 197471 114392
england 7 196618 154244
small 5 196056 168042
building 8 195953 110329
election 8 194510 85630
railway 7 193911 78560
australian 10 193634 119430
historic 8 193547 105252
president 9 192472 131465
association 11 191852 136340
award 5 189544 113427
western 7 187324 147010
municipality 12 187227 130655
ii 2 186935 138174
australia 9 186915 130729
william 7 186474 113545
would 5 186292 135821
written 7 185583 167132
book 4 184779 117121
founded 7 183738 170075
northern 8 183712 147112
final 5 182705 135467
local 5 182670 143073
council 7 182084 104929
same 4 181991 162440
title 5 180980 140871
third 5 179643 155356
service 7 179033 124742
russian 7 178802 98934
india 5 178543 122326
women's 8 178371 88146
members 7 178336 136428
near 4 178108 157660
lake 4 177504 73964
each 4 177402 140426
career 6 177122 145475
union 5 176153 112452
along 5 175769 156790
center 6 174500 118658
produced 8 174292 153206
country 7 173911 126178
director 8 171742 132062
main 4 171298 146291
olympics 8 171219 118655
men's 6 170790 89699
directed 8 169659 159194
department 10 169558 134475
around 6 168747 149069
took 4 167943 147549
c 1 167287 115794
canada 6 166833 117424
california 10 166205 108035
use 3 165501 134685
genus 5 164973 131771
southern 8 164781 135733
championships 13 164621 85372
him 3 164281 122541
indian 6 164021 114477
london 6 164012 108718
france 6 163879 129381
described 9 163665 156070
art 3 163465 91538
show 4 163345 98626
research 8 162986 100758
canadian 8 162984 110905
however 7 162519 145906
last 4 161674 140093
life 4 161179 124175
rock 4 160728 109752
end 3 158904 134266
james 5 157866 99788
street 6 157509 90588
european 8 156612 96221
radio 5 156376 85316
record 6 156294 118136
law 3 156114 83739
received 8 155976 132714
army 4 155160 94537
la 2 154795 86706
top 3 154774 120031
long 4 154577 124129
will 4 153840 105901
five 4 153159 132520
established 11 152604 138736
began 5 151978 134839
death 5 151842 121176
son 3 151546 115517
chinese 7 151492 82271
development 11 151379 111964
records 7 149101 106824
san 3 146000 82934
george 6 144944 95071
event 5 144292 105772
original 8 143874 117883
air 3 143521 73505
basketball 10 143316 59925
italian 7 142749 97828
day 3 142743 104988
america 7 142472 113108
head 4 142374 110681
often 5 142319 121531
plays 5 141603 130670
them 4 141371 119349
included 8 141161 127295
royal 5 140803 95246
large 5 140389 122016
play 4 139518 106456
great 5 139490 107046
japanese 8 139004 84385
competed 8 137861 126005
political 9 137286 102184
created 7 136941 121686
s 1 136010 85490
originally 10 135180 128285
needed 6 134753 105175
rural 5 134421 109079
germany 7 133919 108270
although 8 133738 123529
due 3 133533 120562
set 3 133512 110045
king 4 133296 80283
language 8 133257 77230
times 5 133215 109135
republic 8 133179 90288
studio 6 133157 110057
education 9 132951 85968
late 4 132845 118887
elected 7 132842 99598
kilometres 10 132739 100221
recorded 8 132715 111291
tournament 10 132677 73077
field 5 131772 92745
among 5 131695 118811
office 6 131578 97003
coach 5 130438 79754
works 5 130340 104221
form 4 129514 109748
eastern 7 128988 107264
old 3 128902 99388
order 5 128558 99596
david 5 128365 82377
science 7 128129 83608
capital 7 126929 106234
society 7 126923 82640
site 4 126715 87765
water 5 126693 74753
court 5 126318 71270
kingdom 7 125491 90616
museum 6 125404 58609
debut 5 125400 106636
open 4 125131 83671
listed 6 125048 105037
like 4 124757 105422
japan 5 124684 89448
robert 6 124550 82371
military 8 124319 83536
various 7 123625 112958
miles 5 123334 93585
approximately 13 123220 116800
white 5 123108 82830
business 8 122981 87992
professor 9 122355 92455
black 5 121935 78268
minister 8 121699 73911
worked 6 120717 103740
thomas 6 120519 71901
age 3 120057 99110
different 9 119922 101479
live 4 119807 82323
awards 6 119790 69378
writer 6 119309 103306
hall 4 119209 75173
artist 6 119040 97543
side 4 118771 93955
b 1 118767 73325
any 3 118618 100391
china 5 118347 80961
led 3 118258 103166
events 6 118144 99594
charles 7 117753 73900
us 2 117081 85236
back 4 116978 100161
institute 9 116876 75361
sea 3 116472 92363
citation 8 116111 89424
largest 7 115848 98094
total 5 115817 101283
power 5 115308 71548
according 9 114929 104208
period 6 114844 97962
singer 6 114471 94168
so 2 114351 98059
social 6 113164 78347
six 3 113145 99586
because 7 113127 99492
centre 6 113005 81339
hockey 6 112966 47537
spanish 7 112836 79084
left 4 112614 93711
v 1 112538 48679
popular 7 112449 96717
author 6 112293 97003
land 4 112113 81718
million 7 111933 81524
actor 5 111855 82166
represented 11 111824 104693
services 8 111813 78408
route 5 111546 57044
common 6 111494 92405
regional 8 110546 90182
civil 5 110098 86499
formed 6 110094 99102
given 5 110046 94423
role 4 109990 91709
includes 8 109955 101210
poland 6 109325 81910
films 5 109308 71792
short 5 109235 88457
competition 11 109062 82484
considered 10 108794 100401
tour 4 108755 55375
academy 7 108509 71202
program 7 108468 73600
own 3 108341 96462
medal 5 108310 73050
festival 8 108057 56494
administrative 14 108052 98527
mountain 8 108002 62328
very 4 107468 93857
teams 5 107103 72989
video 5 106796 70281
developed 9 106129 94522
lies 4 106066 99722
current 7 105905 94478
washington 10 105178 68032
assembly 8 104920 70931
term 4 104889 79889
novel 5 104740 65424
texas 5 104643 55861
singles 7 104341 67257
race 4 104119 52797
places 6 104043 89177
j 1 104000 74485
act 3 103439 57862
production 10 103402 79451
another 7 103371 92691
uk 2 103357 73786
songs 5 103320 70292
tv 2 103130 71320
red 3 102736 68933
baseball 8 102596 48989
level 5 102587 84838
battle 6 102515 53903
if 2 102462 74266
just 4 102414 91102
features 8 102388 91922
moved 5 102373 87319
having 6 102088 94592
point 5 101728 73175
zealand 7 101438 58591
class 5 101266 65737
greek 5 100904 63539
network 7 100745 66822
students 8 100560 62061
africa 6 100537 69420
those 5 100339 87288
still 5 100278 90002
designed 8 100073 87326
young 5 99891 76106
notable 7 99715 95745
valley 6 99706 63028
parliament 10 99445 66017
playing 7 99435 85128
sports 6 99239 66772
board 5 99007 69850
europe 6 99004 80755
did 3 98809 87091
version 7 98681 73694
story 5 98557 73501
surname 7 98254 53390
grand 5 98206 60743
owned 5 98048 89313
gold 4 98041 68352
e 1 97788 66716
michael 7 97767 64663
register 8 97703 78255
started 7 97621 89011
township 8 97405 44147
force 5 97308 61472
coast 5 96970 74017
modern 6 96595 80614
independent 11 96172 79569
media 5 96011 68907
project 7 95682 64243
highway 7 95273 45812
arts 4 95141 65702
you 3 95105 54998
rugby 5 95075 39802
metres 6 94859 60273
books 5 94839 70904
bay 3 94568 57524
ireland 7 94091 58743
paul 4 94026 63880
roman 5 93793 63853
bridge 6 93680 35006
design 6 93679 62915
iran 4 93025 79800
range 5 92838 72848
important 9 92797 82639
hill 4 92768 53955
w﻿ 2 92521 38336
catholic 8 91924 57780
henry 5 91799 57145
conference 10 91686 54290
airport 7 91643 31954
organization 12 91600 68839
virginia 8 91388 47610
retired 7 91113 85050
children 8 90762 68409
chief 5 90709 66693
round 5 90666 66024
married 7 90601 74970
health 6 90551 50921
appeared 8 90542 77606
track 5 90294 63565
navy 4 90249 58327
special 7 89866 69880
previously 10 89639 85822
opened 6 89635 77996
parish 6 89495 53492
see 3 89388 76598
love 4 89387 55815
fourth 6 89378 80998
information 11 89311 61566
native 6 89086 78730
areas 5 88946 73938
plant 5 88729 62490
down 4 88637 75072
persian 7 88550 80858
wales 5 88520 57438
much 4 88506 80625
release 7 88265 70185
lead 4 88053 74562
father 6 87825 73402
bank 4 87820 48968
women 5 87576 54999
came 4 87541 78043
lost 4 87435 73332
man 3 87394 62793
do 2 87260 65003
official 8 87055 76380
richard 7 87006 56306
schools 7 86694 55926
finished 8 86493 74034
federal 7 86475 56293
appointed 9 86204 68639
support 7 86095 69236
islands 7 86047 49960
joined 6 86029 74663
become 6 85908 80009
run 3 85838 68979
using 5 85730 74448
style 5 85669 70978
free 4 85430 65517
ice 3 85373 51700
irish 5 85280 53866
technology 10 85193 57695
families 8 85179 79795
magazine 8 85057 54649
what 4 85014 71236
position 8 84498 71757
went 4 84453 75818
moth 4 84280 77709
little 6 84112 61635
seven 5 83771 72813
stadium 7 83763 43801
star 4 83652 49358
across 6 83642 75646
committee 9 83632 57363
formerly 8 83168 79081
d 1 82893 56019
senior 6 82803 60981
human 5 82756 57195
actress 7 82689 63007
chart 5 82439 52448
type 4 82425 64149
countries 9 82219 65289
sometimes 9 81994 74754
way 3 81884 69099
r 1 81769 51282
mexico 6 81769 54600
los 3 81415 56020
light 5 81303 56213
natural 7 80954 63738
edition 7 80925 66092
christian 9 80798 52890
together 8 80708 73615
african 7 80689 51667
off 3 80687 70714
middle 6 80543 65236
private 7 80503 68222
theatre 7 80472 41856
peter 5 80313 53304
usually 7 80226 69276
square 6 80186 59702
green 5 80133 51677
active 6 79943 71917
sold 4 79808 65098
big 3 79625 51427
few 3 79613 73975
medical 7 79606 46405
similar 7 79414 72908
voivodeship 11 79409 57571
stage 5 79269 60483
again 5 79056 68491
others 6 78268 72197
awarded 7 78191 65625
producer 8 77941 64374
channel 7 77893 44501
pennsylvania 12 77858 45128
operated 8 77654 70440
working 7 77227 68701
h 1 77173 54595
dutch 5 76935 47549
seat 4 76833 63322
cricket 7 76832 31853
e﻿ 2 76725 42279
democratic 10 76705 55261
management 10 76477 50566
sir 3 76239 47779
featured 8 76185 66342
florida 7 76163 43564
officer 7 76115 59678
systems 7 75845 50838
throughout 10 75766 71274
italy 5 75680 60177
could 5 75580 63311
joseph 6 75467 50549
champion 8 75424 56411
control 7 75396 55752
creek 5 75360 33449
buildings 9 75201 46648
forces 6 75135 51323
carolina 8 74895 40361
performed 9 74872 61432
character 9 74798 54088
traditional 11 74749 64672
model 5 74721 48412
spain 5 74681 53320
contains 8 74667 68692
x 1 74593 29892
scottish 8 74531 46926
making 6 74525 68760
leading 7 74506 68639
studies 7 74444 53960
movement 8 74401 53063
space 5 74381 45710
saint 5 74366 44991
p 1 74231 43034
news 4 74210 44146
without 7 74169 65909
industry 8 74156 58932
drama 5 73971 62892
wife 4 73756 62229
though 6 73625 68133
players 7 73338 47124
albums 6 73267 50344
leader 6 73163 59010
collection 10 73073 53571
body 4 73072 58140
situated 8 72834 68506
swedish 7 72700 45393
per 3 72648 54266
brother 7 72513 59088
lower 5 72230 58854
f 1 72172 44843
brown 5 72118 43792
make 4 72012 64864
serving 7 71949 67121
eight 5 71730 64709
addition 8 71557 67382
win 3 71382 54997
available 9 71362 61544
construction 12 71155 55831
edward 6 71049 46765
rights 6 70816 45702
ft 2 70656 50847
russia 6 70558 53536
days 4 70487 58221
commune 7 70320 58257
van 3 70125 34701
commonly 8 69997 66713
paris 5 69988 46648
w 1 69965 51596
returned 8 69911 61330
right 5 69824 54967
musical 7 69667 52153
episode 7 69607 32944
ohio 4 69483 37895
coordinates 11 69467 68267
runs 4 69441 54368
ten 3 69301 57727
elections 9 69175 41038
wrote 5 69110 59108
post 4 69077 53615
next 4 69024 60595
governor 8 68902 46008
today 5 68718 62618
police 6 68494 36236
every 5 68413 59680
daughter 8 68407 53646
executive 9 68376 54331
chicago 7 68303 42756
consists 8 68285 65894
gmina 5 68119 54454
my 2 68041 41690
historical 10 68001 55828
data 4 67726 36534
starring 8 67705 63449
forest 6 67697 41199
winning 7 67672 58148
hospital 8 67640 33230
match 5 67407 42712
soviet 6 67394 39708
feet 4 67374 43506
stars 5 67332 56859
blue 4 67274 43466
commercial 10 67268 56468
mark 4 67236 46369
polish 6 66676 36967
marine 6 66638 52360
g 1 66444 43758
famous 6 66330 60244
primary 7 66249 54790
bishop 6 66174 36133
norwegian 9 66142 37681
case 4 66073 48797
whose 5 65717 62353
once 4 65706 59839
ancient 7 65667 50144
names 5 65569 51864
training 8 65381 45717
foundation 10 65350 46405
highest 7 65161 57533
full 4 65129 58892
ground 6 65045 49214
culture 7 65023 47608
annual 6 64977 58295
el 2 64912 32864
announced 9 64790 55567
label 5 64789 50073
performance 11 64660 50903
upon 4 64618 58340
example 7 64598 55649
matches 7 64567 45294
parts 5 64339 57276
seasons 7 64250 50998
even 4 64182 57760
reached 7 64044 55489
journal 7 63813 33020
t 1 63762 37722
referred 8 63622 60147
illinois 8 63480 35320
winter 6 63259 42979
l 1 63257 44314
artists 7 63240 48033
base 4 63085 45487
related 7 63064 58106
trade 5 62745 43273
men 3 62512 46743
market 6 62449 43452
ontario 7 62403 37705
comedy 6 62383 50150
half 4 62358 52844
silver 6 62343 46977
louis 5 62286 40439
groups 6 62273 49289
serves 6 62053 58121
section 7 62036 48590
empire 6 61995 42476
jr 2 61977 42586
ship 4 61834 34700
scotland 8 61801 42563
result 6 61533 56434
library 7 61516 32510
successful 10 61500 56631
columbia 8 61399 42847
further 7 61348 56333
olympic 7 61299 40220
junior 6 61295 39274
present 7 61257 56125
composer 8 61232 48619
study 5 61212 48771
limited 7 61174 50605
take 4 61166 54272
close 5 61166 56449
prior 5 61125 57529
michigan 8 61124 31738
romanized 9 61067 60248
angeles 7 61046 43977
points 6 60980 38842
smith 5 60888 32833
previous 8 60878 56301
action 6 60873 49011
constituency 12 60708 31216
said 4 60643 49869
process 7 60599 44645
mount 5 60413 34185
minor 5 60403 40923
continued 9 60378 55263
associated 10 60369 54614
unit 4 60307 41241
racing 6 60289 36368
launched 8 60026 48416
latin 5 59906 44458
mary 4 59888 39370
individual 10 59776 47458
castle 6 59675 28595
complex 7 59655 43722
living 6 59545 51401
good 4 59497 47402
legislative 11 59440 43385
primarily 9 59418 57288
georgia 7 59345 32989
completed 9 59298 53404
never 5 59246 51742
manager 7 59234 44216
degree 6 59151 47131
engineering 11 59085 34504
commission 10 59061 41262
fire 4 58967 35720
pacific 7 58920 41231
female 6 58649 48294
car 3 58519 34672
involved 8 58480 54112
numerous 8 58389 55306
fifth 5 58344 53164
dr 2 58265 41572
prize 5 58187 39766
generally 9 58160 53915
brazil 6 58105 45060
feature 7 58067 50835
corporation 11 58051 42442
added 5 57981 53035
composed 8 57961 53725
nations 7 57906 37506
via 3 57869 49613
youth 5 57860 38795
me 2 57791 35654
settlement 10 57776 45834
mainly 6 57614 55140
congress 8 57457 38196
computer 8 57449 37926
theory 6 57393 34214
secretary 9 57382 40001
signed 6 57378 48243
fc 2 57316 37385
foreign 7 57210 40872
k 1 57193 34375
success 7 57031 50581
studied 7 57001 52318
border 6 56524 44476
temple 6 56508 24479
sound 5 56497 39529
night 5 56379 39671
aircraft 8 56373 29794
martin 6 56283 36405
replaced 8 56207 49967
hit 3 56198 44144
asian 5 56170 31439
musician 8 56163 48641
cultural 8 56096 43010
followed 8 56020 52033
prince 6 55921 32272
structure 9 55918 45132
broadcast 9 55770 43866
mostly 6 55736 53228
athletics 9 55622 28631
standard 8 55574 42505
economic 8 55573 39093
energy 6 55557 29254
tennis 6 55364 32185
least 5 55298 49891
cross 5 55205 36115
alexander 9 55128 34399
taken 5 55013 51011
representatives 15 55000 42129
1st 3 54984 36460
software 8 54980 30875
security 8 54779 31952
jersey 6 54746 31312
either 6 54693 50889
property 8 54675 39597
mountains 9 54609 39709
massachusetts 13 54469 35619
above 5 54332 48294
bill 4 54175 37523
front 5 54174 41843
lord 4 54149 34315
chairman 8 54050 41650
means 5 54037 48052
upper 5 53979 42638
overall 7 53967 47214
soccer 6 53871 27393
founder 7 53770 50210
real 4 53736 40405
inc 3 53733 38732
introduced 10 53702 47558
how 3 53652 42429
recording 9 53631 42708
mayor 5 53573 37058
wide 4 53517 49056
fort 4 53367 26388
shows 5 53248 45303
editor 6 53220 40458
port 4 53146 33038
press 5 53101 37023
meaning 7 53065 46163
less 4 52996 48042
digital 7 52960 36338
beach 5 52958 28039
movie 5 52919 39849
running 7 52873 45499
variety 7 52838 48024
iii 3 52822 36010
asia 4 52594 40206
victoria 8 52475 36155
significant 11 52382 49090
branch 6 52311 38457
poet 4 52239 42805
mm 2 52170 40015
dance 5 52115 29102
roles 5 52091 44528
code 4 52074 34941
regular 7 52011 45515
al 2 52010 30932
champions 9 51945 37410
opera 5 51886 28507
ministry 8 51780 32938
seen 4 51771 47206
journalist 10 51647 44448
senate 6 51645 31133
hot 3 51615 36994
companies 9 51363 39343
length 6 51243 45506
jazz 4 51222 30941
operation 9 51192 35292
tracks 6 51189 40039
von 3 51177 29666
academic 8 51136 42910
defeated 8 51096 43280
operations 10 51058 39364
municipal 9 51007 36262
date 4 50951 44752
lee 3 50949 31493
location 8 50941 44837
food 4 50837 33188
painter 7 50831 40185
justice 7 50811 34242
nine 4 50725 44616
del 3 50723 30287
korean 6 50672 31163
noted 5 50657 48713
displaystyle 12 50639 13201
provides 8 50616 45995
premier 7 50607 36574
beginning 9 50571 47314
minnesota 9 50539 26016
especially 10 50482 47833
territory 9 50365 36226
spent 5 50283 45603
forms 5 50225 45030
usa 3 50195 37772
programs 8 50028 37255
placed 6 49996 44913
closed 6 49786 43050
contemporary 12 49741 42399
outside 7 49741 46329
czech 5 49722 30227
remained 8 49712 46214
stone 5 49677 34417
woman 5 49656 38421
ran 3 49644 43631
southeast 9 49475 43117
prominent 9 49151 46541
provide 7 49150 44405
lived 5 49123 45317
aired 5 49122 40402
does 4 49012 43821
super 5 49001 30149
metal 5 48937 33086
literature 10 48900 36293
test 4 48825 25717
bronze 6 48769 39601
administration 14 48709 39910
ncaa 4 48688 31895
almost 6 48664 45867
newspaper 9 48624 33055
francisco 9 48608 31615
fiction 7 48532 34668
pop 3 48501 38934
frank 5 48470 33015
campaign 8 48402 35018
northwest 9 48376 41824
products 8 48375 36184
eventually 10 48332 45200
winner 6 48131 37720
gene 4 48040 23162
hotel 5 47979 23562
word 4 47966 36713
nature 6 47930 36506
billboard 9 47907 35131
missouri 8 47896 25888
away 4 47795 41627
entertainment 13 47667 37415
selected 8 47634 42364
stories 7 47624 33049
we 2 47580 29272
urban 5 47550 35802
episodes 8 47542 28819
republican 10 47444 32495
itself 6 47432 44788
financial 9 47390 34603
avenue 6 47379 28524
queen 5 47376 33743
greater 7 47316 39238
dark 4 47310 32429
wisconsin 9 47301 23602
endemic 7 47280 45998
formation 9 47278 30508
y 1 47208 24981
santa 5 47207 28039
metropolitan 12 47207 36171
killed 6 47102 36650
thus 4 47088 43820
golden 6 47028 32523
global 6 46980 33669
tower 5 46919 25301
le 2 46916 27463
writing 7 46913 38422
higher 6 46851 37468
sri 3 46758 26209
mission 7 46723 32820
heritage 8 46663 35783
boston 6 46507 29338
himself 7 46485 41987
pakistan 8 46477 26805
despite 7 46415 44037
legal 5 46410 33868
source 6 46401 37992
course 6 46384 36189
ever 4 46266 42135
prime 5 46249 32517
cities 6 46193 36561
issues 6 46099 39089
unincorporated 14 46097 44115
representative 14 46057 40462
liberal 7 46050 30450
hong 4 46005 23571
far 3 45981 41182
arabic 6 45967 37062
reserve 7 45950 27597
sweden 6 45932 32672
months 6 45886 41766
covers 6 45870 43636
cricketer 9 45851 32621
change 6 45818 36291
19th 4 45723 42175
federation 10 45652 32482
provided 8 45641 41792
interest 8 45620 39360
characters 10 45556 32389
practice 8 45530 36251
becoming 8 45506 43278
languages 9 45479 28727
attended 8 45473 42480
religious 9 45460 34741
secondary 9 45453 33304
korea 5 45442 29824
beetle 6 45425 42426
sciences 8 45398 31888
better 6 45378 41689
captain 7 45368 35218
ended 5 45348 42877
era 3 45224 38716
whom 4 45154 42334
mexican 7 45047 30978
peak 4 44970 27261
personal 8 44966 38963
mother 6 44954 36503
heart 5 44923 32416
terms 5 44906 38692
britain 7 44863 34910
20th 4 44849 41546
indiana 7 44824 24241
policy 6 44787 30762
kong 4 44753 22968
initially 9 44750 43094
netherlands 11 44670 33035
houses 6 44566 36561
low 3 44524 37158
scientific 10 44507 35501
access 6 44408 34682
norway 6 44377 31606
particularly 12 44369 42489
material 8 44300 36127
sydney 6 44297 28194
figure 6 44235 35637
earlier 7 44216 42010
rather 6 44205 41041
recent 6 44145 41969
online 6 44122 33240
here 4 44121 37005
oldest 6 44052 39898
complete 8 44039 37655
oil 3 43894 23735
appearance 10 43750 39635
staff 5 43716 34250
memorial 8 43608 27823
fellow 6 43606 38111
host 4 43569 35157
1980s 5 43567 40758
go 2 43553 33866
multiple 8 43537 38302
lives 5 43494 40320
rules 5 43490 35071
majority 8 43433 38667
stations 8 43404 29933
return 6 43387 36953
jack 4 43383 29620
uss 3 43201 14166
architecture 12 43082 29641
person 6 43073 35099
districts 9 43041 29984
affairs 7 43022 31870
industrial 10 42956 32962
representing 12 42889 40361
future 6 42852 36422
railroad 8 42843 20453
francis 7 42837 28979
sixth 5 42833 39033
jones 5 42824 23645
fame 4 42758 33417
format 6 42755 33221
remains 7 42740 39248
agency 6 42719 31925
northeast 9 42628 38490
judge 5 42608 29923
farm 4 42600 26152
nearby 6 42580 39679
refer 5 42520 40593
assistant 9 42512 34700
reported 8 42487 37897
child 5 42473 30955
subsequently 12 42420 40622
command 7 42384 28789
1970s 5 42264 39493
train 5 42247 27493
authority 9 42195 32405
status 6 42192 36502
2nd 3 42112 31220
sport 5 42041 31223
changed 7 42002 38492
featuring 9 41965 38494
student 7 41780 32066
regiment 8 41773 16520
participated 12 41701 38901
solo 4 41699 33496
williams 8 41656 22921
southwest 9 41633 37426
brothers 8 41613 30511
toronto 7 41585 25903
cover 5 41479 34867
turkey 6 41441 31737
officially 10 41308 39535
earned 6 41283 37560
wing 4 41274 31420
master 6 41267 31594
responsible 11 41238 37304
activities 10 41222 35652
help 4 41221 35846
dedicated 9 41185 38369
architect 9 41132 33578
widely 6 41125 39435
candidate 9 41015 30808
di 2 41007 23193
duke 4 40989 22546
arthur 6 40961 27317
below 5 40960 37356
article 7 40932 35390
turkish 7 40912 24733
fish 4 40870 26969
past 4 40856 37247
instead 7 40845 38716
tropical 8 40823 25231
danish 6 40820 24337
provincial 10 40805 28132
deputy 6 40779 32751
refers 6 40735 38071
daniel 6 40704 27275
oregon 6 40700 21341
behind 6 40666 36299
zone 4 40628 27352
relations 9 40607 22963
plants 6 40586 30399
cape 4 40487 23120
brazilian 9 40432 29725
titles 6 40429 31894
grade 5 40272 29153
tom 3 40271 28956
portuguese 10 40266 26414
appearances 11 40263 33822
campus 6 40237 28579
typically 9 40233 35583
entered 7 40214 37617
people's 9 40141 29443
scott 5 40120 25539
quebec 6 40111 22318
1960s 5 40025 37251
hosted 6 39880 34354
sun 3 39872 24524
medicine 8 39838 25232
starting 8 39830 36606
estate 6 39823 27897
maria 5 39755 25740
graduated 9 39740 37645
lines 5 39724 30186
o 1 39683 27469
kentucky 8 39666 19679
opening 7 39662 33666
kansas 6 39640 21178
separate 8 39583 36755
presented 9 39569 33949
key 3 39538 31049
voice 5 39528 29074
constructed 11 39523 35715
clubs 5 39407 29817
results 7 39394 30446
recently 8 39369 38020
jewish 6 39355 21806
week 4 39283 31446
tree 4 39271 24797
atlantic 8 39258 29268
berlin 6 39182 26131
electoral 9 39168 23428
ocean 5 39162 28604
must 4 39153 31425
renamed 7 39150 33978
discovered 10 39068 35634
transport 9 39062 26830
bbc 3 39044 24491
classical 9 39044 31021
units 5 39020 28509
taking 6 38949 36191
queensland 10 38896 23719
particular 10 38795 35977
naval 5 38766 24475
nominated 9 38760 33846
should 6 38712 32418
saw 3 38691 33629
victory 7 38687 31006
ukrainian 9 38658 20644
strong 6 38621 34032
andrew 6 38616 25769
forward 7 38602 35027
borough 7 38542 24838
mixed 5 38484 32492
camp 4 38459 21991
earth 5 38448 26262
larger 6 38423 35541
headquarters 12 38376 33686
philippines 11 38309 25930
surface 7 38282 27897
co 2 38235 23783
towards 7 38224 33868
scored 6 38218 29192
managed 7 38184 35018
presidential 12 38128 20090
diocese 7 38127 20164
colorado 8 38120 21218
spring 6 38103 28693
cemetery 8 38031 21239
conservative 12 38001 27524
uses 4 37989 34717
villages 8 37985 32834
supreme 7 37957 26246
guitar 6 37800 23173
engine 6 37795 20886
worldwide 9 37761 34064
daily 5 37747 28612
bc 2 37745 19710
average 7 37725 29070
orchestra 9 37659 18001
philadelphia 12 37651 24823
johnson 7 37601 20783
teacher 7 37578 32554
serbian 7 37559 21009
broadcasting 12 37557 27622
tamil 5 37556 24336
iowa 4 37543 17955
first-class 11 37502 22533
historian 9 37483 33228
documentary 11 37399 26686
labour 6 37365 22362
1990s 5 37343 35113
principal 9 37340 32106
lady 4 37297 23727
maryland 8 37269 20887
hills 5 37268 25414
male 4 37263 31075
additional 10 37146 34537
operating 9 37112 31399
attack 6 37090 26670
wood 4 36984 24767
elizabeth 9 36970 26239
joe 3 36939 25952
come 4 36876 32040
am 2 36853 24378
care 4 36841 24082
sister 6 36821 31652
arizona 7 36789 22147
des 3 36729 23440
subject 7 36700 32821
acquired 8 36660 32377
founding 8 36601 34456
protein 7 36593 18160
covered 7 36574 31323
garden 6 36537 21820
classic 7 36491 27612
earl 4 36466 16827
succeeded 9 36443 30950
distance 8 36433 29998
score 5 36399 28372
tennessee 9 36360 21399
melbourne 9 36311 23258
rail 4 36306 22796
recognized 10 36304 33463
lawyer 6 36245 32607
literary 8 36094 27193
entire 6 36078 34553
our 3 36058 24404
du 2 35960 21961
hungarian 9 35959 22641
israel 6 35949 21654
athletic 8 35937 26780
engineer 8 35904 28856
start 5 35901 32084
pronunciation 13 35874 34581
draft 5 35872 26381
horse 5 35857 22037
girls 5 35823 22138
designated 10 35727 32558
oxford 6 35691 22838
retrieved 9 35683 7684
specific 8 35673 31655
certain 7 35560 31999
ep 2 35415 20615
dam 3 35391 13529
takes 5 35356 33116
elements 8 35339 29615
communities 11 35255 29340
rose 4 35254 25610
serve 5 35195 32791
finnish 7 35182 20673
double 6 35094 28179
politics 8 35080 28836
children's 11 35039 26391
alternative 11 35025 30646
corps 5 34972 20566
size 4 34942 29809
possible 8 34879 31797
fall 4 34828 29167
girl 4 34774 24187
firm 4 34697 26292
money 5 34696 26859
switzerland 11 34689 26460
commander 9 34585 26048
peace 5 34572 23550
nearly 6 34542 32923
businessman 11 34471 31946
counties 8 34423 24865
nation 6 34418 26040
comic 5 34405 24048
your 4 34403 22419
baron 5 34397 15671
mike 4 34340 25523
loss 4 34296 29812
honor 5 34292 28935
theater 7 34250 22354
studios 7 34248 27413
prix 4 34195 17264
metro 5 34171 18161
oblast 6 34147 15590
create 6 34130 31671
nfl 3 34105 20406
walter 6 34065 23004
commonwealth 12 34040 22881
combined 8 34012 30231
doubles 7 33988 16646
physical 8 33979 27586
stephen 7 33929 22515
comics 6 33897 17138
projects 8 33897 27882
inhabitants 11 33889 31138
independence 12 33859 25843
f.c 3 33844 20648
falls 5 33842 20790
cases 5 33777 26180
organized 9 33755 30557
heavy 5 33750 28309
miss 4 33745 15190
sq 2 33696 29718
get 3 33625 27635
changes 7 33614 29076
plan 4 33612 24938
god 3 33591 21325
ships 5 33589 22386
midfielder 10 33579 32521
argentina 9 33574 24389
raised 6 33574 31326
educational 11 33572 27215
brought 7 33548 31462
regions 7 33533 28351
website 7 33506 26936
albert 6 33498 22355
supported 9 33496 30684
goals 5 33491 23857
critics 7 33489 28085
mr 2 33481 21538
technical 9 33449 25755
analysis 8 33446 23741
hms 3 33420 11098
category 8 33407 26838
arena 5 33381 20545
dynasty 7 33367 21963
da 2 33350 18990
steve 5 33254 23315
put 3 33252 29314
holds 5 33248 31359
brand 5 33224 24330
mass 4 33173 23837
electric 8 33170 21817
gave 4 33153 30888
workers 7 33070 21454
bob 3 33067 24177
premiered 9 33060 29665
environment 11 32990 26121
acres 5 32972 26512
latter 6 32932 31320
product 7 32925 24219
neighborhood 12 32915 23718
method 6 32911 23383
simply 6 32857 31870
medals 6 32818 22816
function 8 32806 22122
poetry 6 32796 19468
hits 4 32776 22811
dead 4 32767 22998
infantry 8 32751 15414
weeks 5 32749 26919
gastropod 9 32686 32207
cambridge 9 32684 20933
able 4 32666 29835
estimated 9 32659 30376
capacity 8 32650 27537
band's 7 32642 25284
flight 6 32636 20231
extended 8 32632 29547
origin 6 32621 28990
3rd 3 32621 25152
vice 4 32617 26278
internet 8 32613 22234
electronic 10 32606 24994
emperor 7 32574 18643
sent 4 32571 28332
mine 4 32566 14930
highly 6 32528 30725
painting 8 32484 20070
trail 5 32438 14427
platform 8 32438 23655
soon 4 32436 29861
shot 4 32406 25002
peninsula 9 32402 24345
effect 6 32401 25030
speed 5 32373 21363
moscow 6 32358 20866
guitarist 9 32356 26356
bar 3 32307 22562
swiss 5 32282 22226
properties 10 32272 21869
rome 4 32248 22964
yellow 6 32234 23704
appears 7 32233 29618
store 5 32233 22061
greatest 8 32226 26254
thought 7 32166 28768
alabama 7 32160 16611
organizations 13 32159 26177
educated 8 32149 31781
chris 5 32134 23901
cathedral 9 32107 16125
trust 5 32096 20702
wrestling 9 32068 12743
communist 9 32050 18711
chemical 8 32046 23544
boys 4 32002 21310
helped 6 31999 29638
jim 3 31941 24107
fields 6 31933 26767
bowl 4 31894 14945
concert 7 31878 22767
rest 4 31847 29567
crime 5 31840 22824
fm 2 31825 19409
divided 7 31817 29244
imperial 8 31811 23000
view 4 31804 25756
report 6 31802 21964
jackson 7 31775 18821
iron 4 31765 20805
block 5 31744 21666
offers 6 31726 28673
greece 6 31705 22470
intended 8 31653 29953
surrounding 11 31638 30125
seats 5 31630 21548
distribution 12 31604 24048
facility 8 31590 23890
amateur 7 31583 24130
environmental 13 31561 20916
josé 4 31542 18614
caused 6 31520 28183
flows 5 31514 25308
u 1 31497 19684
cd 2 31490 24704
formula 7 31475 18242
habitat 7 31457 26343
paper 5 31443 21288
twice 5 31422 29360
acting 6 31412 27466
concept 7 31399 25817
gas 3 31370 17088
trophy 6 31369 18771
defense 7 31366 21690
joint 5 31292 24799
derived 7 31262 29261
ltd 3 31246 22405
anthony 7 31241 21052
probably 8 31217 28575
jean 4 31215 20980
smaller 7 31212 28872
rule 4 31172 23492
costa 5 31093 19204
towns 5 31059 25997
seventh 7 31049 28663
merged 6 31009 28631
pinyin 6 30962 28881
review 6 30944 21915
content 7 30932 24123
owner 5 30915 27624
swimming 8 30903 16500
volume 6 30899 20859
fictional 9 30887 27609
decided 7 30822 28764
volleyball 10 30808 14403
applied 7 30779 25923
harry 5 30760 20865
revolution 10 30719 23365
austrian 8 30670 23321
welsh 5 30660 19949
exchange 8 30624 21355
sites 5 30612 22291
hours 5 30568 23953
types 5 30564 26249
failed 6 30551 28296
publishing 10 30536 23457
frederick 9 30425 19885
davis 5 30415 17313
numbers 7 30407 22912
malaysia 8 30375 20283
follows 7 30374 28911
boy 3 30372 21970
leaves 6 30364 24682
alongside 9 30331 28916
oklahoma 8 30327 14507
articles 8 30321 25232
wilson 6 30302 17266
longer 6 30299 28568
issue 5 30175 24197
taylor 6 30079 17638
der 3 30059 17559
austria 7 30024 22553
folk 4 30023 21856
samuel 6 29964 19520
cm 2 29950 20821
pass 4 29923 18411
gained 6 29892 28549
bass 4 29887 21756
philosophy 10 29859 19287
direct 6 29852 26001
prison 6 29842 18099
box 3 29840 21176
vote 4 29831 20794
communications 14 29830 22193
windows 7 29821 19311
cast 4 29820 24701
allowed 7 29814 26773
compilation 11 29814 24542
louisiana 9 29811 16468
palace 6 29765 17032
alliance 8 29696 19715
focus 5 29670 26884
generation 10 29657 23379
puerto 6 29646 15128
fox 3 29642 19102
basis 5 29626 27170
promoted 8 29622 25675
programme 9 29592 21625
quality 7 29550 23805
contract 8 29528 23279
protection 10 29483 22689
un 2 29472 17033
belgian 7 29426 20207
cell 4 29411 17140
mp 2 29411 21413
ward 4 29403 17260
copies 6 29396 24000
peaked 6 29392 25254
unknown 7 29386 26673
graduate 8 29375 25128
denmark 7 29365 20215
vietnam 7 29353 18368
wall 4 29352 20841
achieved 8 29334 26505
resources 9 29326 22816
ranked 6 29314 24792
holy 4 29298 20015
1950s 5 29295 27631
winners 7 29280 20571
effects 7 29273 21884
agent 5 29260 23955
turn 4 29253 26297
antonio 7 29246 18732
lewis 5 29219 17891
performances 12 29177 25840
programming 11 29171 19720
juan 4 29151 17176
convention 10 29144 17746
blood 5 29135 17298
kg 2 29127 18543
forests 7 29126 23274
organisation 12 29124 22915
containing 10 29118 27543
contest 7 29112 18657
cabinet 7 29090 18491
et 2 29088 19620
junction 8 29029 19736
guard 5 29016 19113
arkansas 8 29012 13924
leadership 10 29009 22436
indonesia 9 28987 20288
count 5 28975 16889
statistical 11 28968 22546
mobile 6 28946 17356
hard 4 28945 24496
directly 8 28930 27303
fine 4 28908 23396
defined 7 28895 25002
disease 7 28882 18110
squadron 8 28858 10597
golf 4 28857 14092
page 4 28856 19855
facilities 10 28852 24764
goal 4 28845 23679
ali 3 28843 15918
moving 6 28834 26220
respectively 12 28793 27813
split 5 28787 24990
versions 8 28765 24693
required 8 28763 25639
operates 8 28724 26367
advanced 8 28719 24482
brian 5 28700 19017
labor 5 28698 17271
commissioned 12 28695 26062
deep 4 28681 22961
inside 6 28667 25119
largely 7 28662 27593
romania 7 28654 22467
friends 7 28643 22631
songwriter 10 28626 26185
words 5 28624 22305
circuit 7 28613 19453
residents 9 28594 24188
comes 5 28561 26425
connecticut 11 28520 16602
proposed 8 28513 24758
khan 4 28507 13626
offices 7 28496 25489
4th 3 28491 22983
sources 7 28483 25021
met 3 28476 25910
believed 8 28468 26201
represents 10 28466 27072
taught 6 28465 25577
true 4 28465 23409
existence 9 28425 26930
faculty 7 28390 21470
lieutenant 10 28385 22504
productions 11 28365 23660
pradesh 7 28353 20025
charts 6 28322 22595
direction 9 28317 24661
downtown 8 28308 23195
influence 9 28295 25452
lanka 5 28287 18242
activist 8 28285 25691
conservation 12 28275 18506
issued 6 28274 23590
mississippi 11 28244 16040
bulgarian 9 28189 13292
bird 4 28186 19982
portion 7 28182 25022
nuclear 7 28180 13581
text 4 28178 19336
doctor 6 28176 20172
meeting 7 28159 22195
parliamentary 13 28136 20231
critical 8 28119 24767
hand 4 28097 21609
sons 4 28070 23292
manchester 10 28037 16711
reference 9 28012 23874
indoor 6 28008 17303
remaining 9 27995 26350
housing 7 27977 19797
distributed 11 27965 25505
constitution 12 27963 17774
tributary 9 27962 24987
too 3 27943 23881
acts 4 27902 23480
fought 6 27885 24106
theme 5 27875 20948
victorian 9 27873 23060
dean 4 27872 20354
experience 10 27851 24105
km2 3 27832 23802
crown 5 27810 19069
teaching 8 27767 22953
grey 4 27758 18221
unique 6 27753 25674
bus 3 27750 15320
weekly 6 27695 22981
institution 11 27689 22975
occurred 8 27680 25438
agricultural 12 27664 21051
mill 4 27645 13480
wild 4 27644 19410
value 5 27640 19550
passed 6 27638 24444
treatment 9 27634 20951
medieval 8 27570 22783
designer 8 27559 22513
residential 11 27556 23325
shown 5 27545 24742
cancer 6 27510 17243
mathematics 11 27504 19875
problems 8 27504 23295
finland 7 27476 18585
conditions 10 27462 23358
activity 8 27415 22954
adult 5 27412 22688
growth 6 27405 21320
romanian 8 27390 16087
produce 7 27384 24535
call 4 27369 20690
etc 3 27368 22732
novels 6 27359 21276
got 3 27333 22702
retirement 10 27286 24805
older 5 27282 25460
publication 11 27278 22817
creation 8 27252 24202
levels 6 27252 23330
reach 5 27252 24819
therefore 9 27201 25599
howard 6 27193 17199
minutes 7 27182 21560
consisting 10 27163 26344
writers 7 27134 21243
carried 7 27133 24686
individuals 11 27133 23118
web 3 27114 17633
consecutive 11 27103 24026
distinguished 13 27036 24856
colonial 8 27020 21599
nova 4 27019 14336
machine 7 27015 17275
vocals 6 27014 19893
adopted 7 27013 24527
stock 5 26980 18445
athlete 7 26939 22690
ben 3 26927 17791
supporting 10 26927 23893
rio 3 26915 18413
gallery 7 26903 15922
licensed 8 26903 24451
humans 6 26854 23937
titled 6 26853 24213
providing 9 26832 25376
sales 5 26799 20964
belgium 7 26799 20425
flowers 7 26792 20976
sr 2 26787 14837
defending 9 26785 25841
edge 4 26770 21801
snail 5 26767 25514
learning 8 26759 17926
younger 7 26750 23566
utah 4 26749 13163
color 5 26737 18537
defender 8 26732 25625
reviews 7 26723 24524
survey 6 26711 19929
parties 7 26678 19220
table 5 26668 17869
patrick 7 26666 18154
room 4 26660 19153
transferred 11 26646 23558
expanded 8 26633 25020
don 3 26626 18892
grant 5 26619 18677
rate 4 26616 17615
performing 10 26606 23013
leaders 7 26594 21999
freedom 7 26593 18574
relationship 12 26519 22717
wars 4 26467 18440
finish 6 26446 22630
tony 4 26389 19408
whole 5 26382 24301
drive 5 26343 19474
marriage 8 26334 18795
hebrew 6 26320 19922
singapore 9 26318 14884
suburb 6 26312 22133
rivers 6 26264 20190
blues 5 26252 15849
purchased 9 26245 23465
always 6 26216 23427
prefecture 10 26189 22362
revival 7 26160 21798
simon 5 26147 17726
motor 5 26129 18867
nepal 5 26095 13319
positive 8 26089 22894
connected 9 26055 23759
world's 8 26036 22725
entry 5 26032 22923
tokyo 5 25960 17902
freestyle 9 25915 12117
materials 9 25888 19255
visual 6 25860 19702
travel 6 25858 20200
south-east 10 25857 22905
equipment 9 25856 19838
argentine 9 25849 19339
rare 4 25816 23160
beyond 6 25814 22203
leaving 7 25797 24419
ad 2 25783 18763
inspired 8 25782 24479
armed 5 25769 19843
appear 6 25742 24025
finally 7 25740 24627
face 4 25737 20761
enzyme 6 25707 9748
claimed 7 25695 22828
cars 4 25676 15942
bands 5 25658 19820
challenge 9 25650 17236
adjacent 8 25623 24342
grew 4 25616 24681
ukraine 7 25603 16972
steel 5 25601 16762
response 8 25600 21438
hamilton 8 25585 15015
traffic 7 25539 17730
anne 4 25507 18218
express 7 25502 15430
institutions 12 25500 21090
portugal 8 25498 16880
cause 5 25498 21906
montreal 8 25495 16863
pronounced 10 25473 24520
canal 5 25468 12846
cost 4 25430 20829
extinct 7 25399 22251
philip 6 25399 17205
except 6 25392 24465
represent 9 25380 23706
give 4 25375 22788
fact 4 25368 23616
centuries 9 25358 22484
christopher 11 25357 17804
ray 3 25341 18032
rank 4 25339 19023
need 4 25321 22144
makes 5 25299 23641
permanent 9 25299 21876
ridge 5 25284 15223
evidence 8 25284 20410
height 6 25260 22339
douglas 7 25249 16192
animal 6 25248 17566
18th 4 25246 22936
move 4 25237 21801
diego 5 25231 15645
priest 6 25214 19616
orange 6 25214 17468
safety 6 25170 17601
coastal 7 25170 20577
affiliated 10 25158 23488
applications 12 25150 19763
chain 5 25133 17893
purpose 7 25128 23467
yorkshire 9 25127 16307
elevation 9 25102 22927
domestic 8 25081 21182
churches 8 25076 17300
intelligence 12 25041 14966
races 5 24999 17014
tradition 9 24987 21425
thailand 8 24984 17587
guest 5 24984 21868
scholar 7 24972 22694
ring 4 24969 15702
incorporated 12 24958 23164
conducted 9 24954 22319
themselves 10 24949 23239
bell 4 24930 14693
knowledge 9 24917 19128
defence 7 24903 16841
done 4 24901 22792
arms 4 24848 15681
hampshire 9 24844 14697
credited 8 24835 23574
pictures 8 24823 20963
assigned 8 24788 21642
consisted 9 24786 23830
increased 9 24786 22340
compete 7 24779 22778
agriculture 11 24779 19067
forced 6 24761 22148
lyrics 6 24736 20967
growing 7 24729 22879
going 5 24694 22191
kent 4 24690 15794
marked 6 24688 23206
recordings 10 24671 19926
dublin 6 24650 14642
driver 6 24650 17289
models 6 24643 17305
specifically 12 24633 24050
regarded 8 24620 23666
alan 4 24614 17267
guinea 6 24613 17593
locality 8 24605 21728
houston 7 24605 14895
physics 7 24592 14689
figures 7 24587 20929
trial 5 24568 17267
image 5 24552 16963
frequently 10 24551 23648
drug 4 24542 15990
animals 7 24535 17732
impact 6 24497 20435
lawrence 8 24491 16208
pro 3 24489 16964
attorney 8 24463 17659
ball 4 24463 14176
subfamily 9 24399 22851
contested 9 24394 22146
already 7 24386 23030
chair 5 24368 19363
friend 6 24352 21416
fighting 8 24349 19017
dakota 6 24329 12109
canton 6 24324 14138
economy 7 24323 17764
socialist 9 24319 15150
boat 4 24313 15975
peru 4 24292 18823
decision 8 24273 19298
month 5 24272 20561
structures 10 24272 19649
shortly 7 24247 23437
israeli 7 24238 15030
carl 4 24235 16981
alberta 7 24220 14291
statistics 10 24218 19135
universities 12 24212 17612
christmas 9 24205 13278
hungary 7 24194 17712
basin 5 24191 16893
hold 4 24174 21704
application 11 24170 18795
glacier 7 24168 9457
piano 5 24158 14737
publications 12 24158 21449
twelve 6 24153 22024
maine 5 24151 12650
azerbaijan 10 24145 17428
murder 6 24136 16586
positions 9 24133 21588
aviation 8 24113 14556
detroit 7 24091 15361
husband 7 24070 20602
corner 6 24060 19683
fashion 7 24058 16234
southeastern 12 24051 22447
scene 5 24046 20584
interior 8 23988 19982
lists 5 23973 20442
promotion 9 23963 19821
competitions 12 23925 20612
south-west 10 23891 21332
planning 8 23882 17974
occurs 6 23871 20532
cells 5 23852 12286
jan 3 23845 15360
fantasy 7 23842 17414
notably 7 23834 23305
turned 6 23832 22695
5th 3 23825 19282
partner 7 23820 21228
mollusk 7 23799 23775
metre 5 23766 12860
continues 9 23741 22379
miller 6 23732 13470
e.g 3 23726 18553
animated 8 23717 17683
alfred 6 23688 16436
basic 5 23686 19668
courts 6 23662 18039
franchise 9 23642 18394
chamber 7 23630 16533
tall 4 23621 21355
attempt 7 23616 21702
vehicle 7 23598 15164
economics 9 23594 15046
agreement 9 23577 16405
flying 6 23564 16494
northwestern 12 23546 20995
charge 6 23539 19819
contributions 13 23514 21766
buried 6 23507 21850
cinema 6 23504 16654
increase 8 23499 20649
expedition 10 23498 15882
closely 7 23481 22645
1930s 5 23433 22220
transportation 14 23417 17369
locations 9 23413 21004
wingspan 8 23408 23327
sunday 6 23401 18010
billion 7 23385 17085
stop 4 23318 17997
brick 5 23304 18260
allen 5 23285 14283
egypt 5 23280 15483
identified 10 23275 21324
planned 7 23229 20948
fleet 5 23194 14923
update 6 23173 21553
passenger 9 23169 17846
declared 8 23136 21271
share 5 23135 20434
arab 4 23125 14367
poor 4 23123 19737
cerambycidae 12 23120 23114
ford 4 23118 12600
senator 7 23110 18351
price 5 23091 14640
floor 5 23077 17038
trains 6 23038 15857
colombia 8 23036 16625
islamic 7 23021 13861
commons 7 23012 19245
eighth 6 22999 21489
pan 3 22992 12483
aged 4 22981 21245
translated 10 22968 20648
eric 4 22965 16198
initial 7 22960 21215
north-east 10 22956 20697
progressive 11 22951 17699
it's 5 22925 17701
acid 4 22914 11309
musicians 9 22904 18970
functions 9 22902 18173
gordon 6 22883 14499
i.e 3 22870 20330
communication 13 22867 16337
extensive 9 22841 21908
yet 3 22836 21545
parents 7 22832 19803
outstanding 11 22831 18943
belongs 7 22796 22249
north-west 10 22790 20557
kilometers 10 22786 19774
ambassador 10 22786 15526
religion 8 22768 15834
opposition 10 22748 18089
offered 7 22745 20689
banks 5 22733 17059
bangladesh 10 22733 13142
springs 7 22729 13574
iv 2 22727 15943
pittsburgh 10 22708 14260
efforts 7 22700 20867
find 4 22690 20745
mile 4 22689 18281
relatively 10 22662 21582
reaching 8 22654 21112
defeating 9 22651 21409
pioneer 7 22648 20113
carlos 6 22638 13871
mining 6 22632 15249
thai 4 22616 11797
silent 6 22607 19895
monument 8 22607 14872
whether 7 22606 19966
registered 10 22582 20169
chile 5 22568 14673
singh 5 22563 10533
subsequent 10 22556 21907
serbia 6 22555 15253
establishment 13 22531 20663
trees 5 22450 17204
cleveland 9 22443 14311
feed 4 22439 19592
unlike 6 22431 21796
wind 4 22412 12579
memory 6 22404 14795
storm 5 22393 11270
allow 5 22387 20798
standards 9 22386 16658
municipalities 14 22380 18139
atlanta 7 22378 15295
taiwan 6 22359 15059
associate 9 22337 20044
approach 8 22318 18565
stated 6 22316 20409
dvd 3 22285 16018
shore 5 22279 17771
allows 6 22269 20067
officers 8 22266 15681
summit 6 22244 14126
attention 9 22241 20799
lakes 5 22229 14656
croatian 8 22190 12183
adults 6 22173 20109
laws 4 22129 16212
reform 6 22115 16904
die 3 22114 14962
clark 5 22112 13034
likely 6 22099 20264
z 1 22092 12065
hundred 7 22090 17628
wildlife 8 22087 13191
motion 6 22087 16449
votes 5 22080 15433
tribe 5 22079 15530
kim 3 22070 12021
combat 6 22067 16119
link 4 22041 16552
chapel 6 22032 13364
domain 6 22025 14236
anderson 8 22013 12374
borders 7 21988 20065
letters 7 21986 16406
legislature 11 21982 17189
princess 8 21977 13070
finals 6 21975 15627
captured 8 21967 18156
moon 4 21955 14121
stream 6 21953 15694
criminal 8 21950 15848
annually 8 21924 20948
km² 3 21920 17588
treaty 6 21914 11542
satellite 9 21896 13674
birth 5 21889 18547
dates 5 21877 19913
fund 4 21861 15060
meters 6 21836 16910
chosen 6 21834 20258
adam 4 21832 14538
southwestern 12 21823 20537
les 3 21805 13982
pope 4 21804 12744
kings 5 21760 15149
baronet 7 21755 8719
deal 4 21732 18651
scientist 9 21728 19166
finance 7 21725 15724
max 3 21719 14625
nba 3 21716 9514
lincoln 7 21705 13827
methods 7 21697 17284
holding 7 21666 19372
troops 6 21648 16030
anna 4 21633 14085
bureau 6 21621 16443
factory 7 21595 15315
walker 6 21573 13004
cut 3 21567 17731
finishing 9 21545 19462
coming 6 21535 19472
picture 7 21534 17173
ceo 3 21531 17629
recognition 11 21522 19162
glass 5 21507 13030
revolutionary 13 21507 16957
citizens 8 21504 16925
plans 5 21497 18665
investment 10 21497 14827
northeastern 12 21480 20202
examples 8 21477 19638
morning 7 21456 16508
secret 6 21445 15505
flag 4 21407 11173
qualified 9 21399 17865
promote 7 21396 19965
classes 7 21395 17516
reality 7 21379 17812
mentioned 9 21370 19462
artistic 8 21368 17242
scheduled 9 21358 19215
nigeria 7 21349 14322
miami 5 21321 13297
17th 4 21308 19377
publisher 9 21297 18176
duo 3 21295 17312
soldier 7 21260 17965
potential 9 21220 17861
competing 9 21205 20088
simple 6 21200 18394
developing 10 21185 19482
soundtrack 10 21127 14536
underground 11 21120 16241
influential 11 21120 20064
sam 3 21094 15041
wins 4 21086 15881
headquartered 13 21070 20615
account 7 21059 18137
las 3 21041 13545
decades 7 21037 20374
rise 4 21030 18028
pilot 5 21018 15218
belonging 9 21010 20517
ability 7 21005 18811
tax 3 20988 10348
bad 3 20985 15057
core 4 20962 16963
kevin 5 20957 14601
covering 8 20955 19902
rich 4 20946 17433
universal 9 20943 16219
destroyed 9 20938 18839
en 2 20922 14606
ethnic 6 20919 16161
birds 5 20903 13936
brigade 7 20893 9763
search 6 20890 14068
losing 6 20883 18624
conflict 8 20868 16264
relay 5 20860 12064
roads 5 20840 15377
by-election 11 20829 9562
gardens 7 20826 13457
chess 5 20826 7588
ski 3 20820 10180
soldiers 8 20804 15400
baltimore 9 20803 12672
dan 3 20802 14924
problem 7 20797 13817
victor 6 20760 14058
jesus 5 20747 13772
removed 7 20740 19080
solar 5 20740 9291
nevada 6 20727 12779
planet 6 20716 11780
resigned 8 20715 18224
obtained 8 20709 19214
sides 5 20703 18555
spot 4 20692 16673
settled 7 20689 19347
donald 6 20684 14599
focused 7 20684 19754
crew 4 20676 15172
forewings 9 20669 17410
starred 7 20667 18066
roger 5 20667 14027
residence 9 20628 16991
fifa 4 20619 12867
6th 3 20598 17021
classified 10 20581 19244
ross 4 20565 12681
exhibition 10 20564 14611
franklin 8 20556 13629
vienna 6 20542 13609
maximum 7 20531 17375
masters 7 20528 13260
commissioner 12 20527 14585
lane 4 20524 13732
standing 8 20524 17847
reports 7 20523 17650
internationally 15 20522 19952
converted 9 20511 18850
shared 6 20505 18636
resulted 8 20475 19529
internal 8 20473 16890
gulf 4 20451 14810
normal 6 20431 15932
matthew 7 20430 13512
presence 8 20408 18834
manufacturing 13 20395 15788
debuted 7 20386 18807
dave 4 20363 15258
producing 9 20361 19120
montana 7 20358 10030
soul 4 20356 13993
resulting 9 20347 18820
orthodox 8 20342 12216
build 5 20341 18447
protected 9 20337 16251
card 4 20312 11163
16th 4 20304 18481
develop 7 20300 18773
calendar 8 20270 11622
meet 4 20259 17928
fight 5 20256 15606
larvae 6 20243 16438
compared 8 20240 19163
sky 3 20209 13097
letter 6 20207 13734
bruce 5 20191 13492
creating 8 20171 19253
liga 4 20163 12671
coal 4 20149 10938
composition 11 20143 16616
moore 5 20136 11440
dry 3 20120 15920
speaker 7 20115 15872
jordan 6 20089 12205
dating 6 20083 18514
piece 5 20063 16146
autonomous 10 20059 16320
fully 5 20051 18926
insurance 9 20035 10976
vehicles 8 20031 14032
armenian 8 20029 9274
stores 6 20018 13473
physician 9 20017 16474
enough 6 19992 18105
supply 6 19988 15558
colony 6 19978 12666
immediately 11 19977 19204
12th 4 19965 17787
influenced 10 19944 18763
r&b 3 19943 14294
margaret 8 19934 13811
rico 4 19923 10739
possibly 8 19910 18728
contributed 11 19899 19004
biggest 7 19898 18475
riding 6 19893 14594
might 5 19886 17465
birmingham 10 19882 11990
christ 6 19868 13355
entitled 8 19867 18256
newly 5 19847 19194
transfer 8 19833 14697
roof 4 19832 16114
pieces 6 19816 16021
roughly 7 19813 18867
cycle 5 19805 14235
ninth 5 19801 18481
restaurant 10 19791 12366
handball 8 19767 9948
drummer 7 19767 16050
seattle 7 19748 12661
idea 4 19737 17276
marie 5 19728 13716
circle 6 19728 13284
luis 4 19723 12267
são 3 19711 11181
persons 7 19710 17229
wine 4 19689 9511
manufacturer 12 19680 17748
scale 5 19671 14003
collected 9 19663 17941
harvard 7 19663 13355
display 7 19647 15876
fair 4 19645 12869
lack 4 19635 18251
reign 5 19627 15827
translation 11 19617 14766
stanley 7 19617 12725
giving 6 19588 18657
pressure 8 19576 13203
salt 4 19574 12869
karl 4 19570 13260
device 6 19536 13562
boundary 8 19535 15146
shape 5 19531 17018
stands 6 19531 18317
joining 7 19516 18511
squad 5 19516 15153
scotia 6 19514 9990
kind 4 19490 17738
symphony 8 19480 8677
7th 3 19477 16159
sign 4 19475 13160
pair 4 19468 16534
iraq 4 19467 11292
distinct 8 19466 18258
ceremony 8 19436 14610
discovery 9 19419 15032
remain 6 19406 18665
architectural 13 19389 15949
launch 6 19379 13739
accepted 8 19371 17765
mac 3 19350 9722
inner 5 19349 15867
reading 7 19347 13979
dog 3 19296 11025
historically 12 19296 18688
earliest 8 19295 18223
iranian 7 19290 12378
existing 8 19289 17893
paintings 9 19287 14242
13th 4 19284 17147
authorities 11 19265 16579
parks 5 19258 13172
russell 7 19246 11890
benjamin 8 19241 13088
d.c 3 19207 15510
pierre 6 19190 12643
coalition 9 19184 13065
exist 5 19182 18139
divisions 9 19161 15165
alaska 6 19157 9928
amount 6 19130 16731
networks 8 19120 13730
hip 3 19108 14495
sexual 6 19082 12123
vocalist 8 19075 16591
describes 9 19068 17923
monastery 9 19065 9868
trained 7 19043 17717
maintained 10 19013 18154
experimental 12 19008 16210
nicholas 8 18998 12402
egyptian 8 18994 11561
things 6 18990 15582
hosts 5 18968 17132
defensive 9 18966 15199
adapted 7 18964 17671
reaction 8 18955 13216
richmond 8 18945 11362
non-profit 10 18933 18011
join 4 18926 17497
effective 9 18911 16741
rice 4 18898 11120
contained 9 18896 17794
fighter 7 18895 12210
horror 6 18892 14648
eye 3 18890 13487
contributing 12 18878 14381
critic 6 18878 16632
clear 5 18871 16473
austin 6 18869 11924
instruments 11 18853 13325
phase 5 18851 12681
entirely 8 18850 18336
selection 9 18849 15382
city's 7 18842 16769
frame 5 18839 14697
creative 8 18836 15350
edited 6 18832 16945
don't 6 18823 13074
indigenous 10 18817 13885
beijing 7 18812 13992
granted 7 18811 16983
nelson 6 18792 11524
collaboration 13 18786 17110
nebraska 8 18783 9810
tim 3 18762 14155
abbey 5 18762 10216
subsidiary 10 18748 17177
graham 6 18740 11969
employed 8 18739 17473
users 5 18736 13524
spoken 6 18734 14553
slightly 8 18720 17492
sets 4 18707 15367
successor 9 18701 17690
heat 4 18690 11651
fishing 7 18682 14111
skating 7 18671 7521
warsaw 6 18670 13443
broken 6 18666 15591
occupied 8 18654 17023
percent 7 18651 12152
reservoir 9 18647 9503
abc 3 18644 12804
scoring 7 18642 15465
cyclist 7 18627 15533
vancouver 9 18617 12248
waters 6 18610 15133
directors 9 18608 15917
flow 4 18606 12599
saints 6 18601 12708
broad 5 18593 16197
landscape 9 18586 14308
manga 5 18580 9176
cold 4 18577 14161
factor 6 18567 13326
fred 4 18566 13346
gary 4 18555 12969
ending 6 18554 16201
beat 4 18549 14495
industries 10 18546 15055
merchant 8 18544 15136
signal 6 18540 11524
defeat 6 18521 16716
plus 4 18516 15799
novelist 8 18514 17058
reasons 7 18509 17574
screen 6 18502 14527
butterfly 9 18492 14023
partnership 11 18477 15425
caribbean 9 18451 13050
expansion 9 18445 15208
norman 6 18434 13005
focuses 7 18423 17845
teachers 8 18408 13643
note 4 18402 14612
ryan 4 18395 11465
foot 4 18393 14388
antarctic 9 18389 12315
harris 6 18387 10190
pianist 7 18376 16003
herbert 7 18367 12127
pitcher 7 18358 13743
flowering 9 18350 17358
eleven 6 18333 16917
ha 2 18330 14737
muslim 6 18330 12431
submarine 9 18327 8819
née 3 18315 17783
saskatchewan 12 18315 9328
transit 7 18312 10714
sector 6 18312 14022
universe 8 18297 12412
collections 11 18296 15517
croatia 7 18275 12369
existed 7 18272 17672
colonel 7 18271 14324
brooklyn 8 18245 12844
roy 3 18242 12408
hollywood 9 18241 13628
sex 3 18224 11841
continue 8 18215 17390
marathon 8 18200 7483
adams 5 18191 10022
index 5 18184 10904
climate 7 18175 11644
degrees 7 18165 14850
hans 4 18165 12081
objects 7 18164 13166
ottoman 7 18163 10163
entrance 8 18145 15507
receive 7 18135 16851
fell 4 18131 15879
snails 6 18122 12790
georgian 8 18114 9593
resolution 10 18099 9524
battalion 9 18097 7776
congo 5 18089 12158
occur 5 18075 16042
briefly 7 18069 17593
campbell 8 18068 10075
gun 3 18061 10209
dj 2 18048 12116
glasgow 7 18035 11238
actually 8 18025 17310
hamlet 6 18025 13965
returning 9 18019 17178
kerala 6 18018 10999
candidates 10 18015 12383
streets 7 18003 15104
guide 5 18001 13994
magic 5 17994 10888
electrical 10 17991 12875
talk 4 17988 13547
terminal 8 17985 12162
receiving 9 17980 16861
jonathan 8 17976 11877
stewart 7 17964 10834
sierra 6 17963 10895
sprint 6 17952 11345
flat 4 17946 14382
americans 9 17935 12832
venezuela 9 17929 12312
athletes 8 17927 13021
grows 5 17925 15646
courses 7 17914 14042
portland 8 17913 10712
audience 8 17913 15565
warren 6 17912 11551
typical 7 17909 16935
classification 14 17900 12204
10th 4 17899 15444
dallas 6 17898 11573
audio 5 17897 11691
decade 6 17893 16501
sabha 5 17890 9240
elementary 10 17889 12327
devices 7 17889 12911
setting 7 17875 16430
cable 5 17869 11263
charter 7 17865 12567
q 1 17863 10383
afghanistan 11 17862 11052
adventure 9 17853 13365
tigers 6 17836 10002
connection 10 17816 15366
bulgaria 8 17808 12862
11th 4 17805 15591
terminus 8 17801 12603
nhl 3 17784 10037
wave 4 17771 12261
weather 7 17763 11687
morgan 6 17756 10590
cycling 7 17739 10389
14th 4 17738 15888
marketing 9 17735 12707
athens 6 17733 12670
fruit 5 17730 13052
territories 11 17726 13682
1920s 5 17719 16808
credit 6 17702 11154
thompson 8 17696 9777
laid 4 17692 16559
ian 3 17685 12336
techniques 10 17683 14802
claims 6 17680 14844
continental 11 17677 13490
boxer 5 17671 13874
bought 6 17665 15919
identity 8 17643 13433
shooting 8 17628 11250
spread 6 17617 15804
marshall 8 17608 10781
powerful 8 17607 16329
genre 5 17599 14924
pool 4 17580 10957
ranking 7 17568 13884
hope 4 17566 12358
centers 7 17563 14327
membership 10 17561 14518
diplomat 8 17555 15702
virgin 6 17543 11124
ann 3 17542 12905
portal 6 17540 12716
qualifying 10 17531 12825
break 5 17531 15187
reduced 7 17527 15904
damage 6 17526 13405
heavily 7 17526 17013
chemistry 9 17525 11011
edinburgh 9 17524 11635
alex 4 17521 12659
billy 5 17520 12556
swimmer 7 17503 14205
singing 7 17501 14151
15th 4 17500 15741
manitoba 8 17493 8375
combination 11 17489 16001
delaware 8 17476 9265
choice 6 17476 14020
disc 4 17475 13208
formally 8 17471 16930
actors 6 17470 14274
wayne 5 17469 11911
liverpool 9 17458 10472
appearing 9 17432 16736
anniversary 11 17428 14637
murray 6 17425 10143
jane 4 17419 12388
uefa 4 17412 9097
twenty 6 17409 16240
approved 8 17397 15490
perhaps 7 17395 16699
wrestler 8 17388 12708
object 6 17368 11737
slovenia 8 17353 12154
risk 4 17351 11781
condition 9 17339 14210
delhi 5 17335 10562
venue 5 17329 13824
threatened 10 17319 16286
jump 4 17304 9350
milan 5 17295 11454
educator 8 17291 16450
certified 9 17278 14085
outdoor 7 17261 14791
perform 7 17245 15730
loan 4 17243 12599
johnny 6 17241 12313
kenya 5 17241 11733
8th 3 17230 14547
importance 10 17228 16035
lands 5 17226 13304
dc 2 17222 12042
drafted 7 17222 16191
photographer 12 17214 13892
poem 4 17196 10732
punk 4 17189 12321
contain 7 17184 15868
completely 10 17178 16480
laboratory 10 17177 12594
technique 9 17167 13188
crossing 8 17165 13033
corporate 9 17152 13882
orleans 7 17126 10499
produces 8 17123 16200
literally 9 17115 16330
details 7 17110 16305
bernard 7 17109 11329
sense 5 17109 14703
mall 4 17092 7096
movies 6 17086 14140
employees 9 17083 13950
invasion 8 17078 13608
interests 9 17078 15781
branches 8 17064 14492
tunnel 6 17063 7064
mouth 5 17062 14212
bear 4 17060 12011
ca 2 17053 14075
job 3 17050 13777
sarah 5 17013 11346
honour 6 17011 15143
trinity 7 17007 12084
sections 8 16993 14860
broadway 8 16976 11950
king's 7 16960 12626
colleges 8 16941 12187
madrid 6 16921 10613
comprises 9 16919 16539
keep 4 16911 14810
jimmy 5 16907 12746
chapter 7 16899 12356
desert 6 16894 11465
resistance 10 16891 12422
narrow 6 16884 15356
descent 7 16879 15257
adelaide 8 16866 9942
recipient 9 16863 15760
purposes 8 16863 15805
shopping 8 16862 11420
baptist 7 16861 8735
kelly 5 16855 10000
quickly 7 16853 16003
hugh 4 16850 10568
manufactured 12 16844 15297
giant 5 16821 11570
railways 8 16821 11911
abandoned 9 16817 15528
homes 5 16810 13255
resort 6 16803 11275
sequence 8 16801 12078
equivalent 10 16797 14758
designs 7 16794 14082
jose 4 16793 12907
authors 7 16790 14330
traditionally 13 16769 16069
barcelona 9 16761 11286
extension 9 16753 13831
legend 6 16740 12937
expected 8 16738 15072
gives 5 16736 15858
spirit 6 16732 12212
beauty 6 16717 13557
read 4 16713 13858
ruled 5 16688 14692
sequel 6 16676 15037
provinces 9 16669 13357
ed 2 16668 12403
buffalo 7 16666 10335
controlled 10 16665 15094
weight 6 16662 13058
touring 7 16645 13306
participate 11 16641 15875
robinson 8 16614 9059
actions 7 16612 14600
ss 2 16605 8494
map 3 16597 11738
longest 7 16594 14821
philippine 10 16585 10664
coached 7 16577 14310
medium 6 16575 13925
gay 3 16564 9167
specialized 11 16563 15780
conductor 9 16559 10791
oak 3 16551 10387
views 5 16545 14682
surviving 9 16537 15388
opposed 7 16531 15618
integrated 10 16527 14170
selling 7 16523 14747
mills 5 16521 9781
romantic 8 16518 15063
fast 4 16509 13370
walls 5 16499 13122
brunswick 9 16497 8695
runner 6 16491 13931
effort 6 16487 15396
clay 4 16486 12032
hop 3 16482 12217
knight 6 16475 11096
introduction 12 16471 15068
straight 8 16445 14037
dream 5 16443 11240
difficult 9 16437 15630
morris 6 16421 9455
archaeological 14 16411 11998
leave 5 16401 14552
stood 5 16391 14705
cave 4 16387 7157
ordered 7 16365 14499
needs 5 16339 14556
personality 11 16339 13990
shop 4 16328 12356
confused 8 16327 15973
successfully 12 16312 15653
hero 4 16304 12545
technologies 12 16302 12395
clan 4 16292 8967
sponsored 9 16274 15386
screenwriter 12 16266 15178
crater 6 16250 4923
markets 7 16250 13307
plot 4 16249 13919
honorary 8 16248 14073
regularly 9 16237 15631
iso 3 16236 10924
painted 7 16228 12933
saturday 8 16226 13244
nazi 4 16203 12537
bears 5 16189 11702
anime 5 16186 9981
punjab 6 16184 11781
bodies 6 16180 13331
goalkeeper 10 16177 14157
stand 5 16177 13453
heads 5 16140 12307
voted 5 16138 13873
muhammad 8 16136 9333
archbishop 10 16127 10591
steam 5 16120 11041
constitutional 14 16112 11483
ibn 3 16110 5657
claim 5 16106 14033
artillery 9 16102 8849
powers 6 16100 12336
paralympics 11 16099 7718
bristol 7 16098 9436
idaho 5 16089 7755
advance 7 16067 13344
bible 5 16063 9410
goods 5 16055 11772
subtropical 11 16054 11727
ages 4 16031 14155
storage 7 16028 11264
instrumental 12 16017 14414
ways 4 16007 14749
broke 5 16002 14757
kept 4 15997 15081
scholars 8 15997 13155
cincinnati 10 15992 10115
spelled 7 15980 15604
fans 4 15975 13765
entrepreneur 12 15973 14827
hands 5 15966 13442
rapper 6 15955 13336
microsoft 9 15949 10258
rising 6 15940 13874
gray 4 15937 10378
sale 4 15921 12995
pay 3 15917 12948
poems 5 15916 10672
hawaii 6 15914 9947
competitive 11 15912 14605
barbara 7 15884 10798
personnel 9 15878 12880
ivan 4 15877 9071
offer 5 15877 14284
suffered 8 15873 15051
wings 5 15866 11837
know 4 15865 12582
9th 3 15857 13364
bengal 6 15854 11180
charity 7 15848 11943
well-known 10 15848 15496
compiled 8 15843 14958
nadu 4 15842 11897
wright 6 15840 8730
matter 6 15840 12920
inaugural 9 15827 14970
yards 5 15826 8517
styles 6 15817 13582
ultimately 10 15812 15271
parallel 8 15807 12906
tourism 7 15803 11438
rapid 5 15800 12565
sculpture 9 15786 10261
prague 6 15783 11242
grounds 7 15760 13634
emergency 9 15757 10748
disney 6 15754 8466
ecuador 7 15730 12363
psychology 10 15721 9392
allowing 8 15714 14984
adaptation 10 15710 13774
hindi 5 15701 12806
designation 11 15699 13996
attacks 7 15694 11621
target 6 15688 11887
grammy 6 15683 11195
vocal 5 15678 13159
baby 4 15674 10469
jacob 5 15669 10318
country's 10 15665 14461
forming 7 15664 14880
rocky 5 15655 12622
aspects 7 15636 14615
jeff 4 15632 11852
otherwise 9 15627 15072
vessel 6 15625 11194
gaelic 6 15618 11020
jason 5 15617 11014
harold 6 15612 10728
derby 5 15601 7943
aid 3 15592 12509
manuel 6 15590 9518
commerce 8 15580 12009
vermont 7 15579 8009
molecular 9 15578 11845
jurisdiction 12 15574 10812
speech 6 15567 10559
address 7 15552 12395
beautiful 9 15550 12634
popularity 10 15545 14585
funding 7 15543 13077
simplified 10 15542 14774
improve 7 15539 14450
confirmed 9 15527 14312
passing 7 15525 14072
stages 6 15518 13563
processes 9 15503 12373
mediterranean 13 15502 11828
income 6 15501 9795
document 8 15496 12319
crisis 6 15470 11495
notes 5 15466 12209
partners 8 15459 12581
goes 4 15451 13121
involving 9 15444 14350
businesses 10 15434 13545
arrested 8 15432 13223
landmark 8 15430 13829
cbs 3 15425 11801
johann 6 15425 9556
baker 5 15406 8696
anglican 8 15404 11496
officials 9 15398 13065
videos 6 15391 12305
admiral 7 15386 10921
passes 6 15379 13669
cuba 4 15378 10280
temperature 11 15367 10177
ferry 5 15364 8678
locally 7 15351 14577
flower 6 15350 11437
inducted 8 15344 13938
andy 4 15341 11526
incumbent 9 15325 14190
routes 6 15325 11023
sugar 5 15323 9638
brain 5 15320 9524
soil 4 15315 10660
barry 5 15314 9984
indonesian 10 15311 9920
cook 4 15302 9176
animation 9 15295 9842
documents 9 15295 12268
geological 10 15288 12092
walk 4 15286 10855
ottawa 6 15275 8839
instrument 10 15268 10195
background 10 15260 13743
volumes 7 15251 11441
faith 5 15249 11031
biological 10 15247 11841
alpine 6 15244 10499
formal 6 15243 13380
retail 6 15241 12224
arrived 7 15230 13738
charlotte 9 15224 9725
investigation 13 15216 12051
opposite 8 15208 14022
celebrated 10 15203 13768
lit 3 15196 13878
images 6 15193 11587
surrounded 10 15190 14635
funds 5 15187 12042
say 3 15186 12100
survived 8 15177 14526
determine 9 15169 14068
biology 7 15162 11071
measure 7 15159 11491
resident 8 15151 13549
print 5 15146 12771
sculptor 8 15143 12782
ma 2 15142 10886
increasing 10 15140 14312
offensive 9 15139 10778
describe 8 15139 13931
operate 7 15136 13963
warner 6 15122 11227
look 4 15114 13031
newspapers 10 15110 11814
matt 4 15106 11545
raymond 7 15101 10301
hindwings 9 15099 14679
representation 14 15097 12191
encoded 7 15093 13284
nick 4 15087 11298
nomination 10 15085 12815
manor 5 15082 8914
kennedy 7 15076 9060
hurricane 9 15076 5529
trading 7 15071 11258
norfolk 7 15070 9101
leaf 4 15046 11109
fly 3 15043 11328
bosnia 6 15042 10257
delta 5 15037 8814
carry 5 15036 13305
determined 10 15021 14109
paid 4 15017 13136
isolated 8 15011 14114
rocks 5 15000 9936
equal 5 14997 12607
path 4 14989 11045
albanian 8 14985 8127
interstate 10 14974 10177
clinical 8 14968 10170
bush 4 14962 9678
pedro 5 14959 8667
protect 7 14954 13746
hour 4 14953 11549
ballet 6 14947 6235
processing 10 14947 11267
seconds 7 14943 10739
visitors 8 14926 12902
violence 8 14914 10598
injury 6 14888 12256
hunter 6 14885 9187
causes 6 14883 13293
bring 5 14878 13716
collegiate 10 14871 11910
mind 4 14868 11001
values 6 14862 11208
vfl 3 14858 11180
somerset 8 14857 9080
leagues 7 14842 11877
connects 8 14837 13789
vincent 7 14836 9789
fa 2 14835 8600
comedian 8 14833 12786
mitchell 8 14830 8867
club's 7 14828 12711
lions 5 14827 9550
tenth 5 14821 13959
strategic 9 14819 11531
initiative 10 14817 11589
component 9 14816 12388
1940s 5 14805 14079
mathematical 12 14801 10575
session 7 14783 11805
gate 4 14781 9030
nominations 11 14772 9493
company's 10 14770 13173
components 10 14759 11947
something 9 14759 12235
administrator 13 14758 13233
heights 7 14757 9367
failure 7 14744 12519
oliver 6 14743 9616
reason 6 14737 13286
tank 4 14730 8748
occasionally 12 14730 14316
engineers 9 14729 11281
steven 6 14714 10426
indians 7 14714 9702
ideas 5 14698 12578
wooden 6 14688 12376
budget 6 14688 11600
photography 11 14687 10454
syndrome 8 14659 6327
papers 6 14652 12092
user 4 14651 10175
moths 5 14648 13419
subjects 8 14648 13049
brief 5 14641 13865
episcopal 9 14636 8623
editions 8 14629 12560
drums 5 14627 12393
outer 5 14622 11960
abbreviated 11 14622 14175
begins 6 14621 13138
pale 4 14618 11149
compound 8 14611 11182
keith 5 14609 9795
colour 6 14588 11911
license 7 14585 11181
discography 11 14575 8735
row 3 14575 11421
skills 6 14572 11966
couple 6 14562 13036
munich 6 14559 10654
releases 8 14558 12637
owners 6 14550 12829
filmed 6 14544 13222
prevent 7 14544 13469
mathematician 13 14530 12838
harbour 7 14519 9470
intersection 12 14515 12377
organised 9 14512 13557
roll 4 14512 10551
philosopher 11 14501 12643
twin 4 14490 11119
plain 5 14485 11509
widespread 10 14485 13919
enterprise 10 14458 10405
separated 9 14456 13771
amsterdam 9 14454 9809
mid 3 14450 12953
ralph 5 14426 9936
carter 6 14424 8407
guy 3 14412 9880
playwright 10 14412 13186
ends 4 14403 13054
cyrillic 8 14389 13498
chose 5 14384 13788
dancer 6 14382 11465
attached 8 14379 13037
stockholm 9 14379 9962
density 7 14353 11789
accident 8 14351 11398
sisters 7 14335 10039
evans 5 14327 7613
engines 7 14314 9299
becomes 7 14308 12513
weapons 7 14308 9814
visited 7 14303 13267
tier 4 14301 12059
charlie 7 14301 10385
triple 6 14294 10118
quarter 7 14290 11543
advisory 8 14289 12119
ernest 6 14284 9822
ghana 5 14283 9008
occupation 10 14280 12233
concerts 8 14276 11717
revenue 7 14266 11226
arm 3 14266 11450
boxing 6 14263 7459
tourist 7 14263 12346
mental 6 14257 9307
engaged 7 14257 13238
diameter 8 14251 12277
strategy 8 14249 11132
themes 6 14222 12712
sweet 5 14218 10069
write 5 14209 12736
syria 5 14200 9492
grove 5 14195 8325
democrat 8 14195 12362
virtual 7 14192 9491
headed 6 14189 13278
adventures 10 14187 10269
roots 5 14186 12083
regarding 9 14181 13358
strike 6 14167 8563
21st 4 14154 12777
expert 6 14153 12830
measures 8 14149 11986
essex 5 14134 9367
sussex 6 14133 9165
friedrich 9 14128 9182
understanding 13 14118 12591
managing 8 14109 12920
tools 5 14108 10891
pakistani 9 14105 11167
festivals 9 14099 11635
ones 4 14090 12487
siege 5 14075 8338
margin 6 14061 11552
album's 8 14060 12163
cannot 6 14054 12749
context 7 14054 12685
vision 6 14047 10751
ago 3 14043 12208
saudi 5 14041 7858
paulo 5 14038 8557
noble 5 14036 11062
journey 7 14034 11077
extreme 7 14034 11954
na 2 14025 8678
jews 4 14011 7582
harrison 8 13998 8424
originated 10 13995 13654
agencies 8 13989 11143
marks 5 13979 11660
incident 8 13978 10301
heard 5 13975 12137
bottom 6 13967 11458
alice 5 13952 9027
illustrated 11 13945 12296
governments 11 13928 11992
eyes 4 13921 10666
rear 4 13920 11315
elder 5 13911 11377
fuel 4 13904 8473
forum 5 13902 9701
landing 7 13900 9708
topics 6 13898 12515
wanted 6 13895 12080
establish 9 13890 13264
merger 6 13886 12278
collective 10 13885 11497
martial 7 13882 10433
attempts 8 13881 13039
sand 4 13871 9534
producers 9 13856 12175
jefferson 9 13838 8872
occasions 9 13836 12942
robin 5 13835 9507
relative 8 13835 12015
progress 8 13825 11258
congressional 13 13807 9284
lancashire 10 13803 9398
depending 9 13795 13228
categories 10 13794 11739
pattern 7 13786 10300
unusual 7 13781 13163
necessary 9 13780 12769
tournaments 11 13767 11051
infrastructure 14 13765 11076
rifle 5 13765 6414
peoples 7 13761 10678
amongst 7 13755 13164
mechanical 10 13746 10759
installed 9 13743 12046
scheme 6 13736 9709
linked 6 13722 12931
advertising 11 13722 9926
connecting 10 13720 12703
invited 7 13719 12804
stakes 6 13712 5828
operator 8 13708 10813
grande 6 13705 9007
ensemble 8 13696 9883
follow 6 13694 12613
sporting 8 13691 11159
estonia 7 13686 10116
volunteer 9 13668 10261
characterized 13 13667 13108
alone 5 13661 11913
manhattan 9 13650 10011
restored 8 13649 12718
talent 6 13644 11446
team's 7 13635 12003
florence 8 13627 9147
hindu 5 13616 9449
giants 6 13612 8540
mix 3 13611 11232
administered 12 13611 12388
actual 6 13611 12656
villa 5 13590 7893
overseas 8 13584 11141
practices 9 13583 11762
diamond 7 13567 7981
portrait 8 13567 8958
pine 4 13567 8322
serious 7 13547 12397
file 4 13543 7323
apple 5 13541 7613
enemy 5 13539 10491
skin 4 13535 9104
farmer 6 13533 11270
diverse 7 13523 12906
ken 3 13521 10003
maritime 8 13512 9116
frog 4 13512 6467
jerusalem 9 13511 8172
worth 5 13511 10456
camera 6 13508 8121
lot 3 13503 11485
phoenix 7 13495 8522
element 7 13484 9791
pink 4 13483 9730
contact 7 13476 10775
apart 5 13467 12885
mosque 6 13459 4737
airlines 8 13455 6618
allied 6 13452 10444
broadcasts 10 13443 11525
wyoming 7 13441 7039
pa 2 13440 8299
vs 2 13438 8233
angel 5 13433 8572
playstation 11 13429 7641
nickname 8 13424 12172
items 5 13423 10801
innings 7 13417 8160
males 5 13413 11261
uci 3 13409 8219
giovanni 8 13407 8254
rangers 7 13399 8518
dennis 6 13392 9020
renaissance 11 13388 10737
controversial 13 13384 12840
democracy 9 13374 9383
lasted 6 13371 12893
string 6 13367 8942
canyon 6 13366 6715
ph.d 4 13365 12421
tours 5 13356 11261
behavior 8 13345 9827
observed 8 13336 11623
indie 5 13329 11927
north-eastern 13 13327 13196
thousands 9 13319 12581
strip 5 13312 9041
driving 7 13309 10680
monthly 7 13302 11558
turner 6 13293 7892
vladimir 8 13283 8170
whereas 7 13280 12794
youngest 8 13275 12214
visit 5 13263 11746
concrete 8 13255 10007
drew 4 13252 10736
contrast 8 13243 12384
stuart 6 13224 8704
habitats 8 13220 12528
wells 5 13217 8113
serial 6 13211 9912
dick 4 13211 9321
drawn 5 13209 12145
concluded 9 13208 12689
daughters 9 13205 11634
organic 7 13205 9535
territorial 11 13202 10697
passengers 10 13198 10537
snow 4 13194 8384
grades 6 13191 10516
geographic 10 13191 11489
situation 9 13187 11670
lloyd 5 13186 8415
links 5 13181 11604
herzegovina 11 13177 9294
catherine 9 13175 9305
nicknamed 9 13175 12961
methodist 9 13174 7662
comprehensive 13 13174 11860
panama 6 13172 8784
suggested 9 13171 12387
exists 6 13171 12539
eagles 6 13157 8254
visible 7 13157 11780
motorcycle 10 13155 8074
toured 6 13149 11984
oslo 4 13145 8588
bond 4 13145 7856
let 3 13136 9865
petersburg 10 13131 8684
co-founder 10 13130 12377
uncle 5 13125 10988
boundaries 10 13124 11608
arranged 8 13120 12432
testing 7 13119 9237
additionally 12 13118 12735
shah 4 13112 7022
frequency 9 13112 8459
mythology 9 13111 10260
miguel 6 13108 7986
evening 7 13099 10893
assistance 10 13098 10855
premiere 8 13098 11206
il 2 13097 9211
grown 5 13084 12030
killing 7 13083 10425
perth 5 13082 8314
superior 8 13080 10054
recreation 10 13074 10206
executed 8 13071 11243
lebanon 7 13068 7971
whilst 6 13068 12250
draw 4 13065 11031
movements 9 13062 10508
enter 5 13057 12047
playoffs 8 13047 9100
scenes 6 13046 11336
batsman 7 13043 11625
governing 9 13040 11999
exclusively 11 13031 12720
policies 8 13029 10858
solid 5 13017 10417
remembered 10 13011 12728
grass 5 13010 9091
appointment 11 13004 11524
urdu 4 12988 10994
harbor 6 12987 8630
magazines 9 12970 11228
wilhelm 7 12968 8745
ny 2 12956 7256
liberty 7 12956 8247
civilian 8 12954 11108
opponents 9 12948 10253
nbc 3 12946 9794
tech 4 12940 7847
definition 10 12940 10415
yale 4 12931 8271
presenter 9 12927 10533
madison 7 12922 8639
larry 5 12918 9494
brisbane 8 12913 8061
asked 5 12899 11808
sony 4 12891 8735
jerry 5 12878 9189
moist 5 12866 10431
soap 4 12866 10094
attempted 9 12866 12055
database 8 12864 7703
external 8 12862 10572
parker 6 12859 7565
qualification 13 12855 8239
toward 6 12853 11861
mystery 7 12845 9645
craig 5 12843 8423
li 2 12833 6487
honours 7 12831 9832
shares 6 12822 11244
patients 8 12817 8961
advocate 8 12816 11367
atp 3 12816 7676
evolution 9 12813 9275
karnataka 9 12800 8670
pc 2 12792 10139
partial 7 12783 9843
isle 4 12781 8299
aires 5 12771 8405
hurling 7 12769 4978
printed 7 12766 10568
buenos 6 12765 8373
sessions 8 12763 10065
madagascar 10 12763 9335
afl 3 12749 6667
wolf 4 12738 7767
employment 10 12735 10100
ghost 5 12730 8723
terry 5 12723 9032
bridges 7 12723 8842
organ 5 12719 8209
sheffield 9 12704 7636
restoration 11 12704 10519
affected 8 12704 11095
grace 5 12701 8461
offering 8 12697 11765
sole 4 12693 11863
extremely 9 12688 12158
mainland 8 12688 10545
preserved 9 12684 11756
relief 6 12680 9719
jay 3 12677 8770
woods 5 12674 8256
otto 4 12665 8123
dna 3 12660 6498
negative 8 12650 10227
bengali 7 12650 8982
lifetime 8 12641 11499
tried 5 12640 11792
grow 4 12635 11237
spiritual 9 12629 9914
easily 6 12625 12099
quite 5 12620 11998
ec 2 12616 6770
diplomatic 10 12616 9266
nigerian 8 12610 8668
supports 8 12608 11551
sat 3 12598 11227
proteins 8 12588 7090
butler 6 12583 7207
maurice 7 12581 8712
vessels 7 12579 9170
ceased 6 12577 12203
ahead 5 12570 11224
symbol 6 12558 9743
somewhat 8 12558 12134
rescue 6 12548 7929
ownership 9 12544 10942
starts 6 12539 11148
appeal 6 12534 9696
strength 8 12529 10334
eagle 5 12528 7498
responsibility 14 12527 11030
meant 5 12527 11867
hence 5 12520 12097
tests 5 12517 8893
ranks 5 12514 10768
renowned 8 12513 12259
rogers 6 12509 7167
origins 7 12506 11576
funded 6 12502 11794
kenneth 7 12486 8876
modified 8 12484 11219
durham 6 12463 7533
gothic 6 12463 9990
mrs 3 12462 9434
concerns 8 12455 11843
cruz 4 12450 7622
dropped 7 12450 11706
onto 4 12449 11600
roberts 7 12440 6793
denver 6 12438 8130
dominican 9 12426 8010
cork 4 12422 6205
accounts 8 12422 10748
oscar 5 12417 8881
foster 6 12410 8404
berkeley 8 12410 8315
newfoundland 12 12408 5919
liberation 10 12406 9232
phil 4 12404 9650
bolivia 7 12400 9526
filipino 8 12399 9587
retained 8 12392 11725
horses 6 12390 8706
estonian 8 12389 6399
script 6 12388 8989
re-elected 10 12382 10957
want 4 12380 9658
lesser 6 12379 9764
coverage 8 12376 10191
cooper 6 12375 7335
orders 6 12374 9939
surgery 7 12369 7986
platforms 9 12364 10350
ladies 6 12362 8637
collins 7 12361 7088
operational 11 12360 10137
shanghai 8 12356 7095
maría 5 12354 7534
cardinal 8 12347 7593
replace 7 12347 11851
replacing 9 12343 11823
jacques 7 12342 8353
group's 8 12340 10622
cousin 6 12336 10944
committed 9 12326 11392
demolished 10 12324 11258
right-handed 12 12321 12104
ron 3 12321 9293
elite 5 12313 9913
missions 8 12312 9020
carbon 6 12307 7032
coaching 8 12305 10033
panel 5 12298 9648
controversy 11 12294 10733
capture 7 12290 10238
observatory 11 12289 6949
inn 3 12289 8417
voting 6 12288 9565
belt 4 12283 8704
admitted 8 12282 11581
sought 6 12276 11687
improved 8 12269 11241
solutions 9 12268 9556
specialist 10 12265 11141
venice 6 12261 8764
abu 3 12261 6499
rally 5 12260 4943
hunt 4 12257 7926
leeds 5 12254 7338
farmers 7 12254 9431
leo 3 12247 8406
consumer 8 12242 9090
bassist 7 12239 10832
normally 8 12238 11396
uganda 6 12232 8343
islam 5 12230 7745
acted 5 12228 11382
patrol 6 12228 7195
leonard 7 12226 8304
extensively 11 12224 11997
achievement 11 12219 10816
holiday 7 12217 8951
genera 6 12216 9508
mean 4 12211 10017
globe 5 12199 9734
proved 6 12195 11486
airline 7 12187 7008
assumed 7 12178 11444
trio 4 12175 9280
tool 4 12171 9445
maharashtra 11 12164 9102
grammar 7 12161 8440
dragon 6 12158 6632
striker 7 12152 11526
gabriel 7 12150 7891
missionary 10 12149 8916
disbanded 9 12149 11352
tied 4 12148 9828
expression 10 12143 9753
periods 7 12140 11153
duties 6 12133 10872
professionally 14 12132 11997
auckland 8 12122 7435
channels 8 12119 8645
nothing 7 12117 10187
proper 6 12115 10875
studying 8 12113 11620
antarctica 10 12112 10046
jon 3 12110 9043
deaths 6 12110 9701
allies 6 12108 10917
sacred 6 12098 8794
bobby 5 12097 8936
present-day 11 12086 10840
solution 8 12079 8724
gain 4 12077 10809
courthouse 10 12076 4545
yugoslavia 10 12075 8632
gone 4 12075 10262
told 4 12069 10798
believe 7 12065 10156
why 3 12056 9954
rhode 5 12050 7191
ranges 6 12046 10286
legislation 11 12045 9651
screenplay 10 12034 10528
pole 4 12029 7642
gender 6 12027 8143
visiting 8 12021 10918
perry 5 12013 7277
factors 7 12008 9557
leg 3 12007 8350
tanzania 8 12005 9150
freshwater 10 11995 9710
hudson 6 11994 7415
slovakia 8 11993 9455
vi 2 11978 8763
mines 5 11974 8568
chilean 7 11967 8308
rooms 5 11963 9333
portrayed 9 11963 10652
phd 3 11959 10961
morocco 7 11959 8495
hired 5 11955 10625
thousand 8 11954 10110
economist 9 11953 10321
begin 5 11952 10783
plate 5 11950 7325
predominantly 13 11950 11589
eurovision 10 11946 6456
citizen 7 11944 10028
civic 5 11944 9253
ronald 6 11938 8805
dialect 7 11938 7455
task 4 11937 9279
hull 4 11934 7738
statue 6 11933 7227
electricity 11 11932 7890
suicide 7 11929 8455
pain 4 11923 7841
buddhist 8 11920 7526
łódź 4 11913 5843
surrey 6 11910 8242
gilbert 7 11909 7369
platinum 8 11909 9101
helen 5 11908 8213
santiago 8 11891 7772
friday 6 11890 9707
theorem 7 11888 4782
extends 7 11875 11381
lighthouse 10 11870 4717
replacement 11 11863 10699
accompanied 11 11858 11396
fernando 8 11856 7397
partly 6 11855 10572
abroad 6 11849 10849
minority 8 11847 9820
slovak 6 11845 7457
transmission 12 11845 8074
output 6 11830 9128
crash 5 11825 8311
ranging 7 11824 11509
cargo 5 11819 8134
electronics 11 11815 8981
dated 5 11813 10717
leads 5 11811 10861
retiring 8 11808 11514
malayalam 9 11804 8859
predecessor 11 11803 11420
romance 7 11803 9202
full-length 11 11798 11173
rounds 6 11797 9242
bin 3 11796 6394
nautical 8 11794 10435
showed 6 11791 10979
rower 5 11787 9868
recognised 10 11786 11003
crystal 7 11782 7605
revealed 8 11778 10847
soft 4 11777 9309
computing 9 11775 8015
charged 7 11774 10531
females 7 11770 9884
plane 5 11769 8196
reduce 6 11767 10640
cyprus 6 11766 6402
participation 13 11766 10694
thriller 8 11761 10770
wellington 10 11759 7213
ce 2 11758 8696
brook 5 11756 6411
carrier 7 11754 7818
intermediate 12 11753 8835
clinton 7 11751 7107
step 4 11751 8952
sultan 6 11751 6176
papua 5 11748 8077
neighbourhood 13 11746 8782
architects 10 11746 9190
weekend 7 11746 9626
tales 5 11745 7983
indies 6 11743 7958
chester 7 11741 7348
losses 6 11739 10153
eldest 6 11736 10366
beetles 7 11728 10435
housed 6 11726 11086
maintain 8 11725 11164
gospel 6 11722 7570
cards 5 11718 6504
contribution 12 11717 10975
i'm 4 11709 7832
boulevard 9 11694 7608
principles 10 11686 9651
jamaica 7 11685 7552
ordained 8 11681 10000
lithuanian 10 11680 6133
fixed 5 11680 9609
hundreds 8 11672 10952
question 8 11672 9618
extra 5 11668 9981
java 4 11668 7530
mario 5 11657 7067
cavalry 7 11648 6304
missing 7 11647 9408
unable 6 11646 11105
reporter 8 11644 8903
achieve 7 11644 11044
ministers 9 11636 8099
duty 4 11633 9210
journalism 10 11630 8355
involves 8 11630 10945
automobile 10 11627 8878
bachelor 8 11610 9464
purchase 8 11608 9976
cited 5 11603 10869
diseases 8 11600 8174
lithuania 9 11597 7274
arnold 6 11592 7390
constant 8 11592 8711
coaches 7 11577 8274
severe 6 11564 10166
reputation 10 11563 10944
embassy 7 11562 6707
maintenance 11 11549 9643
afterwards 10 11535 11041
montgomery 10 11532 7306
cooperation 11 11531 9540
escape 6 11524 9069
enforcement 11 11520 8142
quantum 7 11517 4817
polo 4 11511 6036
aim 3 11506 10812
telugu 6 11502 8099
all-ireland 11 11500 4442
fl 2 11496 10344
palm 4 11492 6866
film's 7 11485 10475
easy 4 11481 9700
fifteen 7 11479 10922
doing 5 11477 10762
copenhagen 10 11471 8132
limit 5 11471 8920
rolling 7 11470 9190
criticism 9 11467 10010
alpha 5 11462 6041
edwards 7 11455 6453
eugene 6 11454 8382
cotton 6 11454 7264
significantly 13 11451 11081
graphic 7 11437 9181
ruler 5 11434 9373
000s 4 11426 1063
settlements 11 11425 9250
think 5 11424 9189
demand 6 11412 9405
translator 10 11407 10239
scientists 10 11405 9564
linear 6 11400 8036
stay 4 11398 9874
sandy 5 11394 8820
oh 2 11390 8515
franz 5 11387 7763
milwaukee 9 11377 7149
mainstream 10 11376 10323
fossils 7 11372 9517
column 6 11371 8410
presents 8 11365 10084
neil 4 11362 8056
vegas 5 11362 7361
rain 4 11361 8347
cash 4 11351 7992
nor 3 11350 9896
stanford 8 11348 7396
drugs 5 11345 7596
sc 2 11341 8418
abolished 9 11337 10405
plaza 5 11332 6539
rabbi 5 11330 4906
experiences 11 11330 10420
congregation 12 11324 7519
developer 9 11320 10108
kids 4 11318 7654
mlb 3 11315 7842
full-time 9 11305 10298
throne 6 11295 8448
capable 7 11293 10599
venture 7 11292 9401
eliminated 10 11289 10080
continuing 10 11287 10645
ratio 5 11287 7554
holland 7 11286 7298
gregory 7 11284 7571
calls 5 11284 9579
commanded 9 11281 9718
sung 4 11279 9455
resource 8 11263 8828
newcastle 9 11263 7274
founders 8 11262 10690
galaxy 6 11259 5793
ahmed 5 11258 6567
save 4 11243 9501
tenure 6 11237 10373
attributed 10 11229 10371
artificial 10 11224 9026
convicted 9 11222 9466
fan 3 11221 8542
3d 2 11217 6985
difference 10 11217 9464
thirteen 8 11211 10491
cat 3 11208 6494
entering 8 11207 10843
grandson 8 11203 10369
banking 7 11198 7679
framework 9 11198 8563
lecturer 8 11197 10188
interactive 11 11197 8663
abraham 7 11194 7305
tribes 6 11190 7931
tells 5 11188 10616
gap 3 11186 7497
assets 6 11183 8591
trials 6 11172 8330
speedway 8 11168 5635
temporary 9 11168 10013
destroyer 9 11167 6571
emeritus 8 11156 10369
filmmaker 9 11146 10183
hectares 8 11144 9443
cardinals 9 11144 6542
allan 5 11140 7464
competes 8 11138 10851
two-story 9 11135 9415
hamburg 7 11125 7287
prestigious 11 11125 10822
net 3 11124 7903
joan 4 11121 7671
restaurants 11 11121 9076
transition 10 11113 9075
remote 6 11107 9092
requirements 12 11102 9045
physicist 9 11099 9911
queen's 8 11094 8111
susan 5 11090 7788
gang 4 11088 6624
rica 4 11088 8149
purple 6 11085 8037
window 6 11085 7732
bright 6 11085 9044
traditions 10 11080 9562
aims 4 11076 10474
isaac 5 11074 7232
radical 7 11074 8059
breuning 8 11072 7109
suburbs 7 11072 9418
murphy 6 11070 6110
shell 5 11070 7281
aimed 5 11068 10621
avoid 5 11066 10565
dancing 7 11066 8270
populations 11 11066 9124
walking 7 11061 8581
till 4 11054 9319
julian 6 11044 8099
partially 9 11043 10438
showing 7 11042 10431
agreed 6 11040 10098
scholarship 11 11037 9378
colors 6 11028 9003
undergraduate 13 11025 9599
eddie 5 11023 8199
lodge 5 11022 6380
ride 4 11020 7132
lie 3 11017 8593
theology 8 11011 7472
albania 7 11005 6699
says 4 11000 9440
seed 4 10997 7603
2000s 5 10994 10335
telephone 9 10992 6841
distinctive 11 10989 10607
icao 4 10982 10581
parent 6 10973 9382
carrying 8 10968 10188
drawing 7 10966 9356
nacional 8 10965 7568
armenia 7 10959 6419
m2 2 10955 8585
safe 4 10954 8996
fuscous 7 10952 5189
syrian 6 10950 6275
masovian 8 10940 8825
considerable 12 10939 10649
unsuccessful 12 10938 10272
locomotive 10 10934 5971
presbyterian 12 10934 5920
description 11 10932 9632
expressed 9 10932 9923
mumbai 6 10931 7203
childhood 9 10931 9688
ru 2 10930 1556
promoting 9 10925 10407
delivered 9 10922 9832
manuscript 10 10921 7672
chance 6 10917 9130
devon 5 10915 7108
drivers 7 10910 7339
cornwall 8 10908 6770
mason 5 10907 6882
columbus 8 10906 6857
zero 4 10900 7420
nashville 9 10896 7664
bavaria 7 10893 8476
portions 8 10886 10078
silva 5 10884 5642
posted 6 10881 10064
rocket 6 10876 6223
mail 4 10870 7486
john's 7 10857 7330
edmonton 8 10857 6337
pomeranian 10 10854 7807
subdivision 11 10853 8476
indianapolis 12 10850 6937
wickets 7 10845 6105
professionals 13 10845 9445
passage 7 10844 8765
greg 4 10843 8297
xi 2 10841 7064
award-winning 13 10841 10405
confederation 13 10836 7825
tommy 5 10835 7954
characteristics 15 10832 9817
texts 5 10820 8551
privately 9 10819 10468
voters 6 10805 8595
guns 4 10804 7173
zimbabwe 8 10804 6737
confederate 11 10802 6727
graduating 10 10798 10402
marc 4 10786 7667
departments 11 10778 9195
preserve 8 10775 8305
cattle 6 10773 7265
interface 9 10771 7202
glen 4 10771 6558
copper 6 10768 6428
number-one 10 10764 6475
latest 6 10761 10281
happy 5 10758 7560
sailing 7 10756 6807
ruling 6 10756 9566
malaysian 9 10751 7187
pond 4 10750 5607
luxembourg 10 10750 5937
door 4 10748 7885
wang 4 10747 5358
devoted 7 10744 10322
bowling 7 10742 6926
mars 4 10740 5304
changing 8 10740 10049
computers 9 10731 8260
rider 5 10730 7132
wilderness 10 10721 5594
pat 3 10718 7954
yard 4 10712 7792
depth 5 10712 8890
erected 7 10710 9982
requires 8 10709 9954
opportunity 11 10706 9750
dame 4 10704 6856
consultant 10 10704 9694
anthology 9 10704 8425
raf 3 10702 5227
algeria 7 10699 8049
rebellion 9 10699 7789
limestone 9 10679 8281
organisations 13 10678 8873
bat 3 10671 5211
continuous 10 10671 9105
oakland 7 10669 7244
marvel 6 10667 6101
medalist 8 10666 8332
tasmania 8 10665 6965
north-western 13 10659 10528
receptor 8 10657 5070
south-western 13 10651 10562
knights 7 10650 6563
phone 5 10644 7003
stable 6 10643 8256
throw 5 10640 6342
shield 6 10631 6689
kill 4 10630 7768
researcher 10 10628 9874
minute 6 10627 9146
sentenced 9 10625 9278
inches 6 10622 8246
perfect 7 10617 7822
customers 9 10616 8613
preservation 12 10605 8571
myanmar 7 10599 7336
massacre 8 10594 5934
encompasses 11 10593 10416
owns 4 10591 9839
janeiro 7 10583 8079
rebuilt 7 10582 9659
completion 10 10579 9750
crambidae 9 10570 10556
battery 7 10565 5536
protocol 8 10565 5387
refused 7 10560 9754
copa 4 10555 4749
farming 7 10551 8982
plateau 7 10550 7452
state's 8 10547 9376
heavyweight 11 10542 6359
faced 5 10540 9889
hair 4 10539 6772
relationships 13 10537 9207
variant 7 10534 9339
scout 5 10531 5678
dominated 9 10530 10075
require 7 10527 9547
harvey 6 10515 6557
experienced 11 10511 9984
museums 7 10504 7381
alternate 9 10500 9467
charges 7 10498 8556
calgary 7 10496 6417
participating 13 10488 9934
besides 7 10485 10257
phillips 8 10480 6129
automatic 9 10477 8639
listings 8 10472 4543
françois 8 10468 7020
towers 6 10465 6919
matters 7 10454 9153
aaron 5 10453 6813
charted 7 10452 9566
cuban 5 10452 6563
costs 5 10449 8367
depression 10 10449 8074
variable 8 10448 7341
debate 6 10448 8505
emmy 4 10443 7602
specializing 12 10433 10332
snake 5 10432 5299
limits 6 10432 9003
trip 4 10430 8634
essential 9 10428 9006
lutheran 8 10425 5440
causing 7 10422 9789
accessible 10 10421 9832
winnipeg 8 10413 6301
locomotives 11 10409 5572
concentration 13 10407 7905
credits 7 10400 9175
mineral 7 10398 6884
watch 5 10395 7590
servant 7 10394 9332
accused 7 10391 9110
differences 11 10390 9162
behalf 6 10380 9896
qualify 7 10379 8942
chancellor 10 10378 7805
schedule 8 10376 8314
researchers 11 10365 9037
useful 6 10364 9609
warriors 8 10363 6794
participants 12 10363 8691
uttar 5 10360 7431
principle 9 10357 7669
fresh 5 10355 8582
hughes 6 10352 5794
massive 7 10350 9497
arabia 6 10348 7056
reporting 9 10346 8493
angels 6 10346 6630
concerning 10 10343 9728
choir 5 10342 5795
mansion 7 10339 6782
tie 3 10335 8825
thirty 6 10332 9722
sudan 5 10330 6003
reserves 8 10327 7579
stayed 6 10325 9878
respect 7 10324 9199
victims 7 10317 7786
wallace 7 10316 6422
bonus 5 10315 8890
stem 4 10312 7588
dissolved 9 10310 9700
constituencies 14 10308 7171
interview 9 10304 8979
vinyl 5 10303 8018
nationwide 10 10297 9111
mohammad 8 10297 6141
praised 7 10296 9940
programmes 10 10287 8227
hardware 8 10282 7517
leslie 6 10279 6993
lublin 6 10274 5058
truth 5 10274 7199
archives 8 10271 6996
laura 5 10269 6914
hunting 7 10268 8021
bid 3 10267 8423
und 3 10266 6888
sean 4 10266 7579
singers 7 10265 8479
intellectual 12 10264 8414
blocks 6 10261 8212
loop 4 10261 6663
challenger 10 10260 6410
rob 3 10256 7893
volunteers 10 10249 7900
coffee 6 10244 5994
advisor 7 10243 9049
milk 4 10238 6127
epic 4 10237 8200
significance 12 10233 9586
suburban 8 10233 8753
earthquake 10 10232 5496
mode 4 10229 6800
premiership 11 10228 7524
kumar 5 10227 6671
solomon 7 10221 6417
dramatic 8 10221 9323
plains 6 10217 7441
compositions 12 10216 8472
shipping 8 10215 7757
kazakhstan 10 10214 6469
slow 4 10214 8747
damaged 7 10213 9171
looking 7 10208 9095
tiger 5 10207 6139
altitude 8 10204 9073
newport 7 10200 5996
postal 6 10195 6957
vietnamese 10 10195 6122
quartet 7 10193 5867
involvement 11 10190 9568
agents 6 10188 7701
sell 4 10186 9126
botanical 9 10177 6444
rick 4 10173 7750
ted 3 10173 7613
cdp 3 10172 7728
injured 7 10167 8842
leon 4 10165 7480
benefit 7 10165 8786
pages 5 10164 7619
comprising 10 10158 9903
excellence 10 10158 8790
master's 9 10157 9470
cap 3 10155 7228
disaster 8 10147 7188
llc 3 10140 8444
andré 5 10138 6819
emerged 7 10137 9716
clarke 6 10129 5811
endangered 10 10128 7998
missile 7 10126 5097
pick 4 10124 8308
father's 9 10122 9137
orchid 6 10117 6547
beer 4 10116 5291
sixteen 7 10104 9523
birthday 8 10103 8225
innovation 10 10090 7468
tale 4 10089 7323
pageant 7 10082 5840
school's 9 10074 8867
macedonia 9 10073 6683
nationalist 11 10073 7761
queens 6 10071 7204
badminton 9 10070 5508
cloud 5 10068 6279
performer 9 10062 9254
monte 5 10058 6066
constellation 13 10057 8768
shooter 7 10054 8460
bone 4 10051 5976
transmitter 11 10039 7908
seminary 8 10028 5953
henri 5 10027 6797
indicate 8 10026 9293
bounded 7 10025 9265
reaches 7 10023 9411
rival 5 10018 9384
honors 6 10013 8917
none 4 10012 9433
affiliate 9 10010 8407
strongly 8 10010 9534
illegal 7 10009 8391
sounds 6 10008 7595
pirates 7 10005 6332
bull 4 10005 6119
christianity 12 10002 7270
helping 7 10001 9568
